best vector 
 [-4.3820025889494855e-10, -1.3470357510340158e-12, -2.324172008573399e-13, 4.945112455784063e-11, -1.6363974910522613e-10, -5.578493815306381e-16, 5.355432364263542e-16, 1.543290736761269e-05, -1.3551324114996888e-06, -9.15523127226326e-09, 5.912186525011092e-10]
===========================================================>


generation 1

[[-4.548376899780377e-10, -1.4515260867545486e-12, -2.392481992332318e-13, 4.983732881111188e-11, -1.566221547378876e-10, -7.989540311428065e-16, 5.862910273508873e-16, 1.6634407216760075e-05, -1.437467700747607e-06, -1.0053312685134608e-08, 6.38107605184636e-10], [-3.9529296214350175e-10, -1.4148840859108847e-12, -2.2472261396433614e-13, 4.2876938958029136e-11, -1.5617050257381473e-10, -7.112726828302753e-16, 5.744542246797935e-16, 1.6253943886644902e-05, -1.4047688741068048e-06, -9.793029387578947e-09, 6.200694025323012e-10], [-3.9529296214350175e-10, -1.4148840859108847e-12, -2.2472261396433614e-13, 4.2876938958029136e-11, -1.5617050257381473e-10, -7.112726828302753e-16, 5.744542246797935e-16, 1.6253943886644902e-05, -1.4047688741068048e-06, -9.793029387578947e-09, 6.200694025323012e-10], [-4.548376899780377e-10, -1.4515260867545486e-12, -2.392481992332318e-13, 4.983732881111188e-11, -1.566221547378876e-10, -7.989540311428065e-16, 5.862910273508873e-16, 1.6634407216760075e-05, -1.437467700747607e-06, -1.0053312685134608e-08, 6.38107605184636e-10], [-5.313515318819044e-10, -1.4421367720950276e-12, -2.2669194774760378e-13, 4.5849594161797756e-11, -1.6772847236384847e-10, -1.7242283996706185e-15, 7.997598664493826e-16, 2.2038212009341843e-05, -1.97569111751421e-06, -1.5261079699880602e-08, 9.408804368684804e-10], [0.0, -1.45799022e-12, -2.28980078e-13, 4.62010753e-11, -1.75214813e-10, -1.8366977e-15, 8.5294406e-16, 2.29423303e-05, -2.04721003e-06, -1.59792834e-08, 9.98214034e-10], [-3.9529296214350175e-10, -1.4148840859108847e-12, -2.2472261396433614e-13, 4.2876938958029136e-11, -1.5617050257381473e-10, -7.112726828302753e-16, 5.744542246797935e-16, 1.6253943886644902e-05, -1.4047688741068048e-06, -9.793029387578947e-09, 6.200694025323012e-10], [-9.737072341730979e-09, -1.4209435337653361e-12, -2.1391859998956526e-13, 4.35143483464495e-11, -1.623299591600735e-10, -1.7405249804465675e-15, 8.112150741087441e-16, 2.208981353451507e-05, -1.940343773611506e-06, -1.5069117363096656e-08, 9.359380255962105e-10]]

[[-3.989043336075257e-10, -1.4171064132443686e-12, -2.256035867396943e-13, 4.3299084699693374e-11, -1.5619789515408697e-10, -7.16590532633921e-16, 5.855731285049902e-16, 1.6611332219804784e-05, -1.4354845258514885e-06, -1.0037526574297614e-08, 6.370135931252989e-10], [-4.512263185140136e-10, -1.4493037594210646e-12, -2.383672264578736e-13, 4.941518306944764e-11, -1.565947621576153e-10, -7.936361813391607e-16, 5.751721235256906e-16, 1.6277018883600192e-05, -1.4067520490029232e-06, -9.808815498415939e-09, 6.211634145916383e-10], [-4.665915652326588e-10, -1.4587590614050156e-12, -2.42115487798651e-13, 5.121128007484096e-11, -1.5671130894831147e-10, -8.16261955247965e-16, 5.886275617019421e-16, 1.6178842048350202e-05, -1.398314265222262e-06, -9.74165057501922e-09, 6.165087382803413e-10], [-3.8353908688888074e-10, -1.407651111260418e-12, -2.21855325398917e-13, 4.150298769430006e-11, -1.5608134836339088e-10, -6.939647587251168e-16, 5.721176903287388e-16, 1.670950905505478e-05, -1.4439223096321498e-06, -1.0104691497694338e-08, 6.41668269436596e-10], [-1.4838271925977505e-10, -1.453563061012707e-12, -2.2834110555238397e-13, 4.610292233736479e-11, -1.6981907249247296e-10, -1.7556360452965034e-15, 8.146118331553575e-16, 2.2290691813107938e-05, -1.995663151236514e-06, -1.5461641873153555e-08, 9.568911464211352e-10], [-3.8296881262212935e-10, -1.446563931082321e-12, -2.273309201952198e-13, 4.594774712443297e-11, -1.7312421287137552e-10, -1.805290054374115e-15, 8.380920932940252e-16, 2.2689850496233904e-05, -2.0272379962776955e-06, -1.5778721226727048e-08, 9.822033244473453e-10], [-9.875671775191574e-09, -1.4210334348436622e-12, -2.1375830609317162e-13, 4.352380527928079e-11, -1.624213440192734e-10, -1.7557954957885742e-15, 8.147277795862684e-16, 2.2176397491818973e-05, -1.3968228100187074e-06, -9.714750638469018e-09, 6.153830135237684e-10], [-2.5669352868290614e-10, -1.4147941848325583e-12, -2.2488290786072975e-13, 4.286748202519784e-11, -1.5607911771461477e-10, -6.960021674882682e-16, 5.70941519202269e-16, 1.6167359929340997e-05, -1.9482898376996026e-06, -1.514739611220658e-08, 9.40624414604743e-10]]

[[-3.9743070703878595e-10, -1.4164728581725555e-12, -2.2252552004211112e-13, 4.300966094013313e-11, -1.551327167186719e-10, -7.129816619839603e-16, 5.838972239180929e-16, 1.640343733418561e-05, -1.426232767312097e-06, -9.9662754496721e-09, 6.36476513216569e-10], [-4.4942791765727567e-10, -1.427490365139585e-12, -2.373095452596086e-13, 4.9367804286611845e-11, -1.5545181343773516e-10, -7.895114601757803e-16, 5.743473846799848e-16, 1.6110664767528608e-05, -1.3957543790140079e-06, -9.752069335627284e-09, 6.132440078783036e-10], [-4.6436457179153856e-10, -1.4373875604686223e-12, -2.4179635693026135e-13, 5.0781064091777704e-11, -1.5589570842037996e-10, -8.134915850904446e-16, 5.793884057594683e-16, 1.6130254643139413e-05, -1.3867576794631234e-06, -9.71697748133451e-09, 6.1359036510501e-10], [-3.824534900598816e-10, -1.3908420066923473e-12, -2.2084491920709924e-13, 4.0773159778670224e-11, -1.557998601319307e-10, -6.933415200013201e-16, 5.716289595971032e-16, 1.655413648302488e-05, -1.4206039221857116e-06, -1.0064837821074013e-08, 6.401958013004806e-10], [-1.4773411987205255e-10, -1.4276316916849297e-12, -2.2584140388281192e-13, 4.580317910211923e-11, -1.6878148799125067e-10, -1.7494794685333848e-15, 8.03173454511264e-16, 2.2092082912613198e-05, -1.9848431983501247e-06, -1.524119802196015e-08, 9.564960449983082e-10], [-3.7775325084841017e-10, -1.4428217355908513e-12, -2.2676211949210366e-13, 4.592868832368938e-11, -1.7064328485132203e-10, -1.7971328295654106e-15, 8.301765348609584e-16, 2.2482870603710935e-05, -2.0117520056508332e-06, -1.5499961106999006e-08, 9.706136919089545e-10], [-9.848392127302363e-09, -1.4100423504490382e-12, -2.1282766346562909e-13, 4.324554433784549e-11, -1.6221375203880805e-10, -1.723430325027732e-15, 8.120841294924429e-16, 2.1874835845587535e-05, -1.3881878108964615e-06, -9.662693116970428e-09, 6.12692029399386e-10], [-2.543782514966114e-10, -1.3930295435992674e-12, -2.246963650056453e-13, 4.2159514150996053e-11, -1.5492413174236416e-10, -6.934607262642973e-16, 5.702482205168212e-16, 1.612106830575051e-05, -1.913053207552705e-06, -1.4955123371006413e-08, 9.294291897648168e-10]]
===========================================================>

generation 2

[[-1.4773411987205255e-10, -1.4276316916849297e-12, -2.2584140388281192e-13, 4.580317910211923e-11, -1.6878148799125067e-10, -1.7494794685333848e-15, 8.03173454511264e-16, 2.2092082912613198e-05, -1.9848431983501247e-06, -1.524119802196015e-08, 9.564960449983082e-10], [-3.9743070703878595e-10, -1.4164728581725555e-12, -2.2252552004211112e-13, 4.300966094013313e-11, -1.551327167186719e-10, -7.129816619839603e-16, 5.838972239180929e-16, 1.640343733418561e-05, -1.426232767312097e-06, -9.9662754496721e-09, 6.36476513216569e-10], [-3.7775325084841017e-10, -1.4428217355908513e-12, -2.2676211949210366e-13, 4.592868832368938e-11, -1.7064328485132203e-10, -1.7971328295654106e-15, 8.301765348609584e-16, 2.2482870603710935e-05, -2.0117520056508332e-06, -1.5499961106999006e-08, 9.706136919089545e-10], [-3.9743070703878595e-10, -1.4164728581725555e-12, -2.2252552004211112e-13, 4.300966094013313e-11, -1.551327167186719e-10, -7.129816619839603e-16, 5.838972239180929e-16, 1.640343733418561e-05, -1.426232767312097e-06, -9.9662754496721e-09, 6.36476513216569e-10], [-4.6436457179153856e-10, -1.4373875604686223e-12, -2.4179635693026135e-13, 5.0781064091777704e-11, -1.5589570842037996e-10, -8.134915850904446e-16, 5.793884057594683e-16, 1.6130254643139413e-05, -1.3867576794631234e-06, -9.71697748133451e-09, 6.1359036510501e-10], [-3.9743070703878595e-10, -1.4164728581725555e-12, -2.2252552004211112e-13, 4.300966094013313e-11, -1.551327167186719e-10, -7.129816619839603e-16, 5.838972239180929e-16, 1.640343733418561e-05, -1.426232767312097e-06, -9.9662754496721e-09, 6.36476513216569e-10], [-4.4942791765727567e-10, -1.427490365139585e-12, -2.373095452596086e-13, 4.9367804286611845e-11, -1.5545181343773516e-10, -7.895114601757803e-16, 5.743473846799848e-16, 1.6110664767528608e-05, -1.3957543790140079e-06, -9.752069335627284e-09, 6.132440078783036e-10], [-3.824534900598816e-10, -1.3908420066923473e-12, -2.2084491920709924e-13, 4.0773159778670224e-11, -1.557998601319307e-10, -6.933415200013201e-16, 5.716289595971032e-16, 1.655413648302488e-05, -1.4206039221857116e-06, -1.0064837821074013e-08, 6.401958013004806e-10]]

[[-3.9767168358527945e-10, -1.416462089033925e-12, -2.22522319957378e-13, 4.300696497873902e-11, -1.5511954459724857e-10, -1.7504797691971002e-15, 8.033850730575005e-16, 2.2097572896201956e-05, -1.9853823006824157e-06, -1.5246288730803684e-08, 9.568048886331141e-10], [-1.4749314332555902e-10, -1.42764246082356e-12, -2.25844603967545e-13, 4.5805875063513336e-11, -1.6879466011267396e-10, -7.119813613202446e-16, 5.836856053718563e-16, 1.6397947350596847e-05, -1.4256936649798054e-06, -9.961184740828561e-09, 6.361676695817628e-10], [-3.970131022254793e-10, -1.4170320472226365e-12, -2.2261543127378927e-13, 4.307160999867777e-11, -1.5546188975032036e-10, -7.359900600997432e-16, 5.89123886585897e-16, 1.6532458106533824e-05, -1.999325823635828e-06, -1.538252246333144e-08, 9.635224656459333e-10], [-3.7817085566171686e-10, -1.4422625465407703e-12, -2.2667220826042554e-13, 4.586673926514475e-11, -1.703141118196736e-10, -1.7741244314496279e-15, 8.249498721931544e-16, 2.2353849831362726e-05, -1.4386589493271025e-06, -1.0083714093339668e-08, 6.435677394795903e-10], [-4.016484729098767e-10, -1.4177907757599266e-12, -2.237398512096664e-13, 4.349936759467299e-11, -1.551807958243873e-10, -7.193151872472995e-16, 5.836131055660652e-16, 1.6147468958122172e-05, -1.3892451598873113e-06, -9.732686726071396e-09, 6.150325112410836e-10], [-4.601468059204478e-10, -1.4360696428812513e-12, -2.405820257627061e-13, 5.0291357437237846e-11, -1.5584762931466455e-10, -8.071580598271055e-16, 5.796725241114961e-16, 1.6386223019202852e-05, -1.4237452868879092e-06, -9.950566204935214e-09, 6.350343670804953e-10], [-3.62578679288238e-10, -1.3799665245813428e-12, -2.1595900470273655e-13, 3.82226798511414e-11, -1.5534852980493706e-10, -8.180501044233657e-16, 5.751540833866008e-16, 1.597906354682019e-05, -1.3883802216525104e-06, -9.659254589961147e-09, 6.052460030660454e-10], [-4.693027284289194e-10, -1.4383658472505895e-12, -2.421954597639714e-13, 5.191828421414067e-11, -1.5590314376472882e-10, -6.648028757537349e-16, 5.708222608904873e-16, 1.6685737703733302e-05, -1.427978079547209e-06, -1.0157652566740152e-08, 6.481938061127388e-10]]

[[-3.9250701589983267e-10, -1.3970400528483683e-12, -2.196164367028566e-13, 4.294631377874243e-11, -1.5394425344306738e-10, -1.749616209499649e-15, 7.931895945558526e-16, 2.1965969674887204e-05, -1.9729736545517458e-06, -1.5042453789257917e-08, 9.521967934419019e-10], [-1.4559530168765614e-10, -1.4107443031625639e-12, -2.2478209745942754e-13, 4.551409847248864e-11, -1.6611787224914068e-10, -7.095358749548808e-16, 5.753965855032269e-16, 1.6336206320871785e-05, -1.4085516276592526e-06, -9.87325333365168e-09, 6.286531962402066e-10], [-3.9456901506118057e-10, -1.3980789855201893e-12, -2.1875987653449672e-13, 4.2656842214836296e-11, -1.5471273688891797e-10, -7.268507700636746e-16, 5.812949441518769e-16, 1.6294129982648553e-05, -1.9717664454150606e-06, -1.5151628427435473e-08, 9.515785580937171e-10], [-3.759827270055849e-10, -1.4304267567096052e-12, -2.2594174610689221e-13, 4.54654815442093e-11, -1.6773604010139463e-10, -1.7614851895023546e-15, 8.1425591058457915e-16, 2.23505094618508e-05, -1.4290847100629363e-06, -1.0063801900405464e-08, 6.413674926097224e-10], [-3.94157401598579e-10, -1.3947143540637567e-12, -2.2260634871492782e-13, 4.2948277997323714e-11, -1.53562947560137e-10, -7.169495596716592e-16, 5.75859028931371e-16, 1.5902270088906743e-05, -1.3793136062455638e-06, -9.618362337519884e-09, 6.08685045613606e-10], [-4.579144021732066e-10, -1.4291051301940924e-12, -2.389015199626997e-13, 4.9636170295700734e-11, -1.5449524999703158e-10, -7.94976951392023e-16, 5.749495631641202e-16, 1.6094264436917173e-05, -1.416541723762184e-06, -9.873606612602348e-09, 6.236467270861755e-10], [-3.5892706723324696e-10, -1.358267216101932e-12, -2.1294959681302298e-13, 3.8167868903352495e-11, -1.544766345228946e-10, -8.130745971773167e-16, 5.659533057173611e-16, 1.5793907827599793e-05, -1.3796608733820997e-06, -9.6114268105328e-09, 6.002254023956642e-10], [-4.671391311880802e-10, -1.4333087539761184e-12, -2.394383552704979e-13, 5.162873849803887e-11, -1.5504340562659902e-10, -6.550358632512783e-16, 5.649613120922114e-16, 1.6633520018318e-05, -1.400721886472078e-06, -9.982701578655693e-09, 6.452952514023671e-10]]
===========================================================>

generation 3

[[-4.671391311880802e-10, -1.4333087539761184e-12, -2.394383552704979e-13, 5.162873849803887e-11, -1.5504340562659902e-10, -6.550358632512783e-16, 5.649613120922114e-16, 1.6633520018318e-05, -1.400721886472078e-06, -9.982701578655693e-09, 6.452952514023671e-10], [-1.4559530168765614e-10, -1.4107443031625639e-12, -2.2478209745942754e-13, 4.551409847248864e-11, -1.6611787224914068e-10, -7.095358749548808e-16, 5.753965855032269e-16, 1.6336206320871785e-05, -1.4085516276592526e-06, -9.87325333365168e-09, 6.286531962402066e-10], [-4.671391311880802e-10, -1.4333087539761184e-12, -2.394383552704979e-13, 5.162873849803887e-11, -1.5504340562659902e-10, -6.550358632512783e-16, 5.649613120922114e-16, 1.6633520018318e-05, -1.400721886472078e-06, -9.982701578655693e-09, 6.452952514023671e-10], [-1.4559530168765614e-10, -1.4107443031625639e-12, -2.2478209745942754e-13, 4.551409847248864e-11, -1.6611787224914068e-10, -7.095358749548808e-16, 5.753965855032269e-16, 1.6336206320871785e-05, -1.4085516276592526e-06, -9.87325333365168e-09, 6.286531962402066e-10], [-1.4559530168765614e-10, -1.4107443031625639e-12, -2.2478209745942754e-13, 4.551409847248864e-11, -1.6611787224914068e-10, -7.095358749548808e-16, 5.753965855032269e-16, 1.6336206320871785e-05, -1.4085516276592526e-06, -9.87325333365168e-09, 6.286531962402066e-10], [-3.9250701589983267e-10, -1.3970400528483683e-12, -2.196164367028566e-13, 4.294631377874243e-11, -1.5394425344306738e-10, -1.749616209499649e-15, 7.931895945558526e-16, 2.1965969674887204e-05, -1.9729736545517458e-06, -1.5042453789257917e-08, 9.521967934419019e-10], [-3.94157401598579e-10, -1.3947143540637567e-12, -2.2260634871492782e-13, 4.2948277997323714e-11, -1.53562947560137e-10, -7.169495596716592e-16, 5.75859028931371e-16, 1.5902270088906743e-05, -1.3793136062455638e-06, -9.618362337519884e-09, 6.08685045613606e-10], [-3.5892706723324696e-10, -1.358267216101932e-12, -2.1294959681302298e-13, 3.8167868903352495e-11, -1.544766345228946e-10, -8.130745971773167e-16, 5.659533057173611e-16, 1.5793907827599793e-05, -1.3796608733820997e-06, -9.6114268105328e-09, 6.002254023956642e-10]]

[[-1.9618048628091674e-10, -1.414294136202192e-12, -2.2708781580572977e-13, 4.647605191720057e-11, -1.5678563759305768e-10, -6.636097897254542e-16, 5.666029863628622e-16, 1.6586746711267485e-05, -1.40195365914794e-06, -9.965483211612114e-09, 6.426771279767145e-10], [-4.1655394659481954e-10, -1.4297589209364901e-12, -2.3713263692419564e-13, 5.066678505332694e-11, -1.64375640282682e-10, -7.009619484807049e-16, 5.73754911232576e-16, 1.63829796279223e-05, -1.4073198549833905e-06, -9.89047170069526e-09, 6.312713196658593e-10], [-1.4649607847167602e-10, -1.4108075154887608e-12, -2.248231556778276e-13, 4.553122809922168e-11, -1.660868481040203e-10, -6.551885402451044e-16, 5.649905455937162e-16, 1.6632687120119808e-05, -1.400743820804008e-06, -9.982394969014623e-09, 6.452486301471817e-10], [-4.662383544040603e-10, -1.4332455416499215e-12, -2.393972970520978e-13, 5.161160887130583e-11, -1.550744297717194e-10, -7.093831979610548e-16, 5.753673520017221e-16, 1.6337039219069977e-05, -1.4085296933273225e-06, -9.87355994329275e-09, 6.286998174953921e-10], [-3.9639129632883447e-10, -1.3968244650563533e-12, -2.1953517334504614e-13, 4.290591879034087e-11, -1.537527447111733e-10, -1.7659781860909673e-15, 7.966157953958401e-16, 1.6247641954107384e-05, -1.3996724481527178e-06, -9.79193429122648e-09, 6.235633848209741e-10], [-1.4171102125865427e-10, -1.4109598909545785e-12, -2.2486336081723798e-13, 4.555449346089019e-11, -1.663093809810347e-10, -6.931738983635624e-16, 5.719703846632392e-16, 2.2054534041651602e-05, -1.98185283405828e-06, -1.5123772831683116e-08, 9.572866048611341e-10], [-3.6276177785799767e-10, -1.362234371955028e-12, -2.14000703757817e-13, 3.8688201334864845e-11, -1.543771825827725e-10, -8.026116904445827e-16, 5.747808222456013e-16, 1.5890475199013086e-05, -1.379351405176573e-06, -9.617607427312395e-09, 6.077642401681328e-10], [-3.903226909738283e-10, -1.3907471982106606e-12, -2.215552417701338e-13, 4.2427945565811364e-11, -1.536623995002591e-10, -7.274124664043932e-16, 5.670315124031308e-16, 1.580570271749345e-05, -1.3796230744510905e-06, -9.612181720740289e-09, 6.011462078411375e-10]]

[[-1.956492402369737e-10, -1.3993586819223624e-12, -2.2263394555721507e-13, 4.645884334292944e-11, -1.5449027016025176e-10, -6.625431699716956e-16, 5.6374458170340375e-16, 1.658637529818916e-05, -1.3980008855355829e-06, -9.863632571319645e-09, 6.330033747702966e-10], [-4.1353788930558e-10, -1.4287298691109283e-12, -2.3466592005987535e-13, 5.0229259533815595e-11, -1.6374128557675122e-10, -7.003893891427174e-16, 5.653867058597104e-16, 1.609876824601727e-05, -1.4044471501618055e-06, -9.834382620204171e-09, 6.299986439000281e-10], [-1.4551099925452592e-10, -1.3977319277979748e-12, -2.2442897401549535e-13, 4.545255982436244e-11, -1.6387449380444132e-10, -6.521310646107552e-16, 5.624410236719212e-16, 1.6568179638739283e-05, -1.3790705822846866e-06, -9.858862520418975e-09, 6.380981122212579e-10], [-4.650830241836128e-10, -1.4308553462267898e-12, -2.3933495742136245e-13, 5.0925853086693455e-11, -1.541253639348775e-10, -6.990252444534973e-16, 5.654537810441284e-16, 1.6160764146683136e-05, -1.4015086905440584e-06, -9.810144097080611e-09, 6.239407436591518e-10], [-3.9376004800488256e-10, -1.3716935585932492e-12, -2.1859091038930258e-13, 4.23526641554815e-11, -1.5255936629996042e-10, -1.741624374677275e-15, 7.919323239813579e-16, 1.5978467991452166e-05, -1.396418869985932e-06, -9.74759035851038e-09, 6.177069565998925e-10], [-1.4076136225314305e-10, -1.3968053773979206e-12, -2.2450154191483149e-13, 4.491076460111996e-11, -1.6501229477531243e-10, -6.91758072144096e-16, 5.707773490413965e-16, 2.1796981609265096e-05, -1.972295311562017e-06, -1.511319579471294e-08, 9.54610427287e-10], [-3.5850262250594583e-10, -1.354921361413202e-12, -2.1095880152275606e-13, 3.851569513810249e-11, -1.538128302588238e-10, -7.899209427817011e-16, 5.677863031519327e-16, 1.5873606857771336e-05, -1.3693884303788396e-06, -9.466583478126808e-09, 6.028434307791361e-10], [-3.8455227041097937e-10, -1.3781060270455674e-12, -2.1758248296492776e-13, 4.1985148687351073e-11, -1.5272338581027932e-10, -7.155095650694075e-16, 5.586619719942301e-16, 1.5661924113931687e-05, -1.3714873789359897e-06, -9.498898202147583e-09, 5.9751641055327e-10]]
===========================================================>

generation 4

[[-3.5850262250594583e-10, -1.354921361413202e-12, -2.1095880152275606e-13, 3.851569513810249e-11, -1.538128302588238e-10, -7.899209427817011e-16, 5.677863031519327e-16, 1.5873606857771336e-05, -1.3693884303788396e-06, -9.466583478126808e-09, 6.028434307791361e-10], [-3.9376004800488256e-10, -1.3716935585932492e-12, -2.1859091038930258e-13, 4.23526641554815e-11, -1.5255936629996042e-10, -1.741624374677275e-15, 7.919323239813579e-16, 1.5978467991452166e-05, -1.396418869985932e-06, -9.74759035851038e-09, 6.177069565998925e-10], [-4.650830241836128e-10, -1.4308553462267898e-12, -2.3933495742136245e-13, 5.0925853086693455e-11, -1.541253639348775e-10, -6.990252444534973e-16, 5.654537810441284e-16, 1.6160764146683136e-05, -1.4015086905440584e-06, -9.810144097080611e-09, 6.239407436591518e-10], [-3.9376004800488256e-10, -1.3716935585932492e-12, -2.1859091038930258e-13, 4.23526641554815e-11, -1.5255936629996042e-10, -1.741624374677275e-15, 7.919323239813579e-16, 1.5978467991452166e-05, -1.396418869985932e-06, -9.74759035851038e-09, 6.177069565998925e-10], [-3.5850262250594583e-10, -1.354921361413202e-12, -2.1095880152275606e-13, 3.851569513810249e-11, -1.538128302588238e-10, -7.899209427817011e-16, 5.677863031519327e-16, 1.5873606857771336e-05, -1.3693884303788396e-06, -9.466583478126808e-09, 6.028434307791361e-10], [-3.9376004800488256e-10, -1.3716935585932492e-12, -2.1859091038930258e-13, 4.23526641554815e-11, -1.5255936629996042e-10, -1.741624374677275e-15, 7.919323239813579e-16, 1.5978467991452166e-05, -1.396418869985932e-06, -9.74759035851038e-09, 6.177069565998925e-10], [-4.650830241836128e-10, -1.4308553462267898e-12, -2.3933495742136245e-13, 5.0925853086693455e-11, -1.541253639348775e-10, -6.990252444534973e-16, 5.654537810441284e-16, 1.6160764146683136e-05, -1.4015086905440584e-06, -9.810144097080611e-09, 6.239407436591518e-10], [-4.1353788930558e-10, -1.4287298691109283e-12, -2.3466592005987535e-13, 5.0229259533815595e-11, -1.6374128557675122e-10, -7.003893891427174e-16, 5.653867058597104e-16, 1.609876824601727e-05, -1.4044471501618055e-06, -9.834382620204171e-09, 6.299986439000281e-10]]

[[-3.943902588995931e-10, -1.3719933542034368e-12, -2.187273309614019e-13, 4.2421248280476444e-11, -1.525369611858086e-10, -1.7586356528073831e-15, 7.959388350165149e-16, 1.5980342337861248e-05, -1.368905273220081e-06, -9.461560604363331e-09, 6.025777518257386e-10], [-3.578724116112353e-10, -1.3546215658030144e-12, -2.108223809506567e-13, 3.844711101310755e-11, -1.5383523537297564e-10, -7.729096646515928e-16, 5.637797921167757e-16, 1.5871732511362254e-05, -1.3969020271446906e-06, -9.752613232273857e-09, 6.179726355532901e-10], [-3.93343069298118e-10, -1.371347678387192e-12, -2.184696335390094e-13, 4.230254233745155e-11, -1.5255021093792155e-10, -1.7477197686202462e-15, 5.64129709405457e-16, 1.616182991285175e-05, -1.401538447389716e-06, -9.81050980780119e-09, 6.239771885273483e-10], [-4.655000028903773e-10, -1.4312012264328468e-12, -2.394562342716556e-13, 5.0975974904723396e-11, -1.5413451929691632e-10, -6.929298505105256e-16, 7.93256395620029e-16, 1.5977402225283546e-05, -1.396389113140274e-06, -9.747224647789797e-09, 6.17670511731696e-10], [-3.9172419206629833e-10, -1.370725088072532e-12, -2.1815021246709188e-13, 4.2131107531602924e-11, -1.5263174458647288e-10, -1.6866705300281793e-15, 7.789895466469952e-16, 1.5972413035405044e-05, -1.3709492386403022e-06, -9.482809550170248e-09, 6.037016896248196e-10], [-3.605384784445301e-10, -1.3558898319339193e-12, -2.1139949944496678e-13, 3.873725176198107e-11, -1.5374045197231138e-10, -8.448747874307969e-16, 5.807290804862954e-16, 1.587966181381846e-05, -1.3948580617244694e-06, -9.731364286466941e-09, 6.168486977542091e-10], [-3.9100784088740636e-10, -1.4278008366727478e-12, -2.3262511372442824e-13, 4.992478295205358e-11, -1.679443433568776e-10, -6.98428985544286e-16, 5.654830991777635e-16, 1.618786215791223e-05, -1.4002243086597284e-06, -9.799549593819519e-09, 6.21292874251838e-10], [-4.876130726017865e-10, -1.4317843786649704e-12, -2.4137576375680956e-13, 5.1230329668455474e-11, -1.4992230615475113e-10, -7.009856480519286e-16, 5.653573877260752e-16, 1.607167023478817e-05, -1.4057315320461353e-06, -9.844977123465265e-09, 6.326465133073419e-10]]

[[-3.9087958936601815e-10, -1.3631427218474034e-12, -2.158558713307148e-13, 4.1958293378807193e-11, -1.5062442532892964e-10, -1.7537592654002904e-15, 7.842649779652026e-16, 1.579661765293587e-05, -1.3605270614274547e-06, -9.302187851447916e-09, 6.010771931286952e-10], [-3.5259252637831627e-10, -1.337109316108681e-12, -2.0931618221130517e-13, 3.8043763207058196e-11, -1.5236316072960268e-10, -7.653916743128134e-16, 5.554147834344337e-16, 1.572374396773332e-05, -1.3796018133028094e-06, -9.579152473693097e-09, 6.104446924144444e-10], [-3.8912874671872603e-10, -1.363685225876721e-12, -2.1534971170719055e-13, 4.2176226652863164e-11, -1.5105055658264232e-10, -1.7349826780898245e-15, 5.588555671580238e-16, 1.5980184729803167e-05, -1.3855003286480486e-06, -9.766979919937254e-09, 6.186965127345927e-10], [-4.614584832762841e-10, -1.40321907545521e-12, -2.388364031827068e-13, 5.095266409922449e-11, -1.5402818468606409e-10, -6.887095277011651e-16, 7.850506365246203e-16, 1.5900557963569496e-05, -1.393903868585841e-06, -9.711247141552685e-09, 6.119290108282981e-10], [-3.90207455901922e-10, -1.3517795509955101e-12, -2.1632806906820631e-13, 4.199459323524925e-11, -1.5258654769285423e-10, -1.6739407435472363e-15, 7.660314107986181e-16, 1.5731990513769464e-05, -1.3689604657366571e-06, -9.470326723716757e-09, 5.965459177587231e-10], [-3.561604973856219e-10, -1.3447337577954688e-12, -2.0876520585965674e-13, 3.817643523100514e-11, -1.5172406566533123e-10, -8.322815421422804e-16, 5.749042893620681e-16, 1.5834905919444923e-05, -1.3941588308902484e-06, -9.70501759398257e-09, 6.156405699828702e-10], [-3.8562514158865977e-10, -1.4059835817350393e-12, -2.3053859984264246e-13, 4.9867047656289246e-11, -1.6555684646069527e-10, -6.93867588334059e-16, 5.630115612514699e-16, 1.607327141058758e-05, -1.3989320885966005e-06, -9.65020392311667e-09, 6.133037289754423e-10], [-4.837651216808173e-10, -1.4219752070541846e-12, -2.3832655499795606e-13, 5.030348192660402e-11, -1.4852320582618557e-10, -6.899823760489188e-16, 5.59436162452293e-16, 1.592180136594435e-05, -1.393591977367152e-06, -9.791546392821689e-09, 6.320213299022031e-10]]
===========================================================>

generation 5

[[-3.561604973856219e-10, -1.3447337577954688e-12, -2.0876520585965674e-13, 3.817643523100514e-11, -1.5172406566533123e-10, -8.322815421422804e-16, 5.749042893620681e-16, 1.5834905919444923e-05, -1.3941588308902484e-06, -9.70501759398257e-09, 6.156405699828702e-10], [-4.614584832762841e-10, -1.40321907545521e-12, -2.388364031827068e-13, 5.095266409922449e-11, -1.5402818468606409e-10, -6.887095277011651e-16, 7.850506365246203e-16, 1.5900557963569496e-05, -1.393903868585841e-06, -9.711247141552685e-09, 6.119290108282981e-10], [-4.837651216808173e-10, -1.4219752070541846e-12, -2.3832655499795606e-13, 5.030348192660402e-11, -1.4852320582618557e-10, -6.899823760489188e-16, 5.59436162452293e-16, 1.592180136594435e-05, -1.393591977367152e-06, -9.791546392821689e-09, 6.320213299022031e-10], [-4.614584832762841e-10, -1.40321907545521e-12, -2.388364031827068e-13, 5.095266409922449e-11, -1.5402818468606409e-10, -6.887095277011651e-16, 7.850506365246203e-16, 1.5900557963569496e-05, -1.393903868585841e-06, -9.711247141552685e-09, 6.119290108282981e-10], [-4.837651216808173e-10, -1.4219752070541846e-12, -2.3832655499795606e-13, 5.030348192660402e-11, -1.4852320582618557e-10, -6.899823760489188e-16, 5.59436162452293e-16, 1.592180136594435e-05, -1.393591977367152e-06, -9.791546392821689e-09, 6.320213299022031e-10], [-3.5259252637831627e-10, -1.337109316108681e-12, -2.0931618221130517e-13, 3.8043763207058196e-11, -1.5236316072960268e-10, -7.653916743128134e-16, 5.554147834344337e-16, 1.572374396773332e-05, -1.3796018133028094e-06, -9.579152473693097e-09, 6.104446924144444e-10], [-4.837651216808173e-10, -1.4219752070541846e-12, -2.3832655499795606e-13, 5.030348192660402e-11, -1.4852320582618557e-10, -6.899823760489188e-16, 5.59436162452293e-16, 1.592180136594435e-05, -1.393591977367152e-06, -9.791546392821689e-09, 6.320213299022031e-10], [-4.614584832762841e-10, -1.40321907545521e-12, -2.388364031827068e-13, 5.095266409922449e-11, -1.5402818468606409e-10, -6.887095277011651e-16, 7.850506365246203e-16, 1.5900557963569496e-05, -1.393903868585841e-06, -9.711247141552685e-09, 6.119290108282981e-10]]

[[-4.616595702335606e-10, -1.4033307645295457e-12, -2.3889382997506385e-13, 5.097706278991973e-11, -1.5403258484888927e-10, -6.884353490519742e-16, 5.745029740930603e-16, 1.583478054411433e-05, -1.3941593177902928e-06, -9.705005697451448e-09, 6.156476579260139e-10], [-3.559594104283454e-10, -1.3446220687211333e-12, -2.0870777906729976e-13, 3.81520365403099e-11, -1.5171966550250605e-10, -8.325557207914713e-16, 7.85451951793628e-16, 1.590068333890009e-05, -1.3939033816857966e-06, -9.711259038083806e-09, 6.119219228851544e-10], [-4.6323125832073e-10, -1.404709681140657e-12, -2.387958840277364e-13, 5.0901071656918755e-11, -1.5359068760712226e-10, -6.888106847533995e-16, 7.671203817705054e-16, 1.5902246240077426e-05, -1.39361676429197e-06, -9.785164771971616e-09, 6.304245334152872e-10], [-4.819923466363714e-10, -1.4204846013687376e-12, -2.3836707415292646e-13, 5.035507436890976e-11, -1.489607029051274e-10, -6.898812189966844e-16, 5.77366417206408e-16, 1.592011308943642e-05, -1.393879081661023e-06, -9.717628762402757e-09, 6.135258073152141e-10], [-3.354285193762349e-10, -1.3260045671093396e-12, -2.05520158807981e-13, 3.643957219855857e-11, -1.5286562096299166e-10, -6.801150274580135e-16, 5.599623621318937e-16, 1.5947717286582105e-05, -1.3954225981108133e-06, -9.819338255189858e-09, 6.348446449099394e-10], [-5.009291286828988e-10, -1.4330799560535264e-12, -2.421225784012803e-13, 5.190767293510366e-11, -1.4802074559279664e-10, -7.752590229037189e-16, 5.54888583754833e-16, 1.5697828047095564e-05, -1.3777711925591483e-06, -9.551360611324928e-09, 6.076213774067082e-10], [-4.5948509991521515e-10, -1.4015597919117107e-12, -2.3888150751022637e-13, 5.1010094774098904e-11, -1.5451518920409638e-10, -6.885969236545549e-16, 8.050098899574535e-16, 1.5898678640651415e-05, -1.3935643855386452e-06, -9.798650161820263e-09, 6.337988208637133e-10], [-4.857385050418862e-10, -1.423634490597684e-12, -2.382814506704365e-13, 5.024605125172961e-11, -1.4803620130815327e-10, -6.90094980095529e-16, 5.394769090194598e-16, 1.592368068886243e-05, -1.3939314604143479e-06, -9.704143372554109e-09, 6.10151519866788e-10]]

[[-4.539082189727068e-10, -1.3963700285230342e-12, -2.359436329329143e-13, 5.047706414325388e-11, -1.5229142961760894e-10, -6.864926165211583e-16, 5.642541874184042e-16, 1.5644305829575607e-05, -1.376956416870996e-06, -9.666562913013835e-09, 6.14266506867459e-10], [-3.5073145392933087e-10, -1.338876709250915e-12, -2.065226878246903e-13, 3.804520718516393e-11, -1.5123655853192085e-10, -8.260824269272878e-16, 7.794014287575004e-16, 1.57541520713054e-05, -1.3766208834644757e-06, -9.588609015704764e-09, 6.108678919325889e-10], [-4.5810737150324965e-10, -1.4035726981009215e-12, -2.3636646884766236e-13, 5.0057600043147256e-11, -1.5312722090443359e-10, -6.832395806805747e-16, 7.639118016241392e-16, 1.5770576549236003e-05, -1.3898381769284699e-06, -9.699589410030704e-09, 6.294244105644063e-10], [-4.785634907055238e-10, -1.4065950594796112e-12, -2.3613538561012727e-13, 4.9592509375719885e-11, -1.4799422380888895e-10, -6.895746684399303e-16, 5.711216840776511e-16, 1.5692476914361367e-05, -1.3918654361975693e-06, -9.628645877843264e-09, 6.089918842135873e-10], [-3.30419065398277e-10, -1.3054771812552858e-12, -2.0336132318442788e-13, 3.6054041652498615e-11, -1.5211917536876152e-10, -6.763837247508377e-16, 5.534778812931634e-16, 1.590299331761059e-05, -1.3766175697694614e-06, -9.754797460800697e-09, 6.311175216056535e-10], [-4.992364424090646e-10, -1.4256700215239115e-12, -2.39890360372036e-13, 5.116438601334975e-11, -1.4694891389806235e-10, -7.640182624013241e-16, 5.532524571569057e-16, 1.5653387714212336e-05, -1.3627547425181242e-06, -9.44744434684774e-09, 6.056407308454693e-10], [-4.537493004220997e-10, -1.3857342747108996e-12, -2.358121007584925e-13, 5.036249224225925e-11, -1.5261038121169223e-10, -6.833308430868645e-16, 8.026989372551298e-16, 1.581122344827022e-05, -1.3875509516456516e-06, -9.61115673820098e-09, 6.318856898468745e-10], [-4.795190268688043e-10, -1.4049043840095463e-12, -2.36858013162453e-13, 5.0002512774752527e-11, -1.4667836585534057e-10, -6.819880271504353e-16, 5.314463685936929e-16, 1.5837320251248898e-05, -1.392401561450198e-06, -9.588208092449604e-09, 6.008695890679609e-10]]
===========================================================>

generation 6

[[-4.5810737150324965e-10, -1.4035726981009215e-12, -2.3636646884766236e-13, 5.0057600043147256e-11, -1.5312722090443359e-10, -6.832395806805747e-16, 7.639118016241392e-16, 1.5770576549236003e-05, -1.3898381769284699e-06, -9.699589410030704e-09, 6.294244105644063e-10], [-4.992364424090646e-10, -1.4256700215239115e-12, -2.39890360372036e-13, 5.116438601334975e-11, -1.4694891389806235e-10, -7.640182624013241e-16, 5.532524571569057e-16, 1.5653387714212336e-05, -1.3627547425181242e-06, -9.44744434684774e-09, 6.056407308454693e-10], [-4.539082189727068e-10, -1.3963700285230342e-12, -2.359436329329143e-13, 5.047706414325388e-11, -1.5229142961760894e-10, -6.864926165211583e-16, 5.642541874184042e-16, 1.5644305829575607e-05, -1.376956416870996e-06, -9.666562913013835e-09, 6.14266506867459e-10], [-3.5073145392933087e-10, -1.338876709250915e-12, -2.065226878246903e-13, 3.804520718516393e-11, -1.5123655853192085e-10, -8.260824269272878e-16, 7.794014287575004e-16, 1.57541520713054e-05, -1.3766208834644757e-06, -9.588609015704764e-09, 6.108678919325889e-10], [-4.5810737150324965e-10, -1.4035726981009215e-12, -2.3636646884766236e-13, 5.0057600043147256e-11, -1.5312722090443359e-10, -6.832395806805747e-16, 7.639118016241392e-16, 1.5770576549236003e-05, -1.3898381769284699e-06, -9.699589410030704e-09, 6.294244105644063e-10], [-4.539082189727068e-10, -1.3963700285230342e-12, -2.359436329329143e-13, 5.047706414325388e-11, -1.5229142961760894e-10, -6.864926165211583e-16, 5.642541874184042e-16, 1.5644305829575607e-05, -1.376956416870996e-06, -9.666562913013835e-09, 6.14266506867459e-10], [-4.795190268688043e-10, -1.4049043840095463e-12, -2.36858013162453e-13, 5.0002512774752527e-11, -1.4667836585534057e-10, -6.819880271504353e-16, 5.314463685936929e-16, 1.5837320251248898e-05, -1.392401561450198e-06, -9.588208092449604e-09, 6.008695890679609e-10], [-4.992364424090646e-10, -1.4256700215239115e-12, -2.39890360372036e-13, 5.116438601334975e-11, -1.4694891389806235e-10, -7.640182624013241e-16, 5.532524571569057e-16, 1.5653387714212336e-05, -1.3627547425181242e-06, -9.44744434684774e-09, 6.056407308454693e-10]]

[[-4.973230074514327e-10, -1.4246419946276932e-12, -2.3972641946403244e-13, 5.111289535432534e-11, -1.4723634535091584e-10, -7.602602209471455e-16, 7.5411136254350715e-16, 1.57651246095583e-05, -1.3885781827435255e-06, -9.687858943777442e-09, 6.283179298393846e-10], [-4.600208064608815e-10, -1.4046007249971397e-12, -2.3653040975566584e-13, 5.0109090702171657e-11, -1.528397894515801e-10, -6.869976221347533e-16, 5.630528962375375e-16, 1.5658839653890038e-05, -1.3640147367030683e-06, -9.459174813100999e-09, 6.06747211570491e-10], [-3.534069625515521e-10, -1.3403675863041742e-12, -2.0728561145655506e-13, 3.836758151496199e-11, -1.5126391272047195e-10, -8.224626803578077e-16, 7.73822379065374e-16, 1.5751303614419364e-05, -1.3769477160504012e-06, -9.664541466380009e-09, 6.14178376331887e-10], [-4.5123271035048555e-10, -1.394879151469775e-12, -2.3518070930104955e-13, 5.015468981345582e-11, -1.5226407542905784e-10, -6.901123630906385e-16, 5.698332371105306e-16, 1.5647154286461643e-05, -1.3766295842850705e-06, -9.59063046233859e-09, 6.109560224681609e-10], [-4.5428292959706035e-10, -1.3970127574534342e-12, -2.3598136462007305e-13, 5.043963333937105e-11, -1.5236601130346994e-10, -6.862023324502646e-16, 7.46095390162111e-16, 1.5759308804171405e-05, -1.388688675375764e-06, -9.69664229648163e-09, 6.280717977414947e-10], [-4.5773266087889614e-10, -1.4029299691705215e-12, -2.3632873716050364e-13, 5.009503084703009e-11, -1.530526392185726e-10, -6.835298647514684e-16, 5.820705988804323e-16, 1.565557357464021e-05, -1.378105918423702e-06, -9.669510026562913e-09, 6.156191196903706e-10], [-5.018765200015015e-10, -1.4284504515545312e-12, -2.4029637869143295e-13, 5.131995586966329e-11, -1.469851391236153e-10, -6.710045295644559e-16, 5.285266266185398e-16, 1.5861948031119885e-05, -1.3963711436801708e-06, -9.607055755817665e-09, 6.002307535942437e-10], [-4.768789492763674e-10, -1.402123953978927e-12, -2.3645199484305603e-13, 4.984694291843899e-11, -1.466421406297876e-10, -7.750017599873035e-16, 5.561721991320587e-16, 1.562875993434135e-05, -1.3587851602881515e-06, -9.428596683479681e-09, 6.062795663191864e-10]]

[[-4.925385537520919e-10, -1.4078186247287235e-12, -2.359277991136199e-13, 5.079480046743252e-11, -1.469042085741859e-10, -7.515218175969778e-16, 7.452189712969773e-16, 1.5728422833625778e-05, -1.3753381114510525e-06, -9.683776014177906e-09, 6.231146552406191e-10], [-4.573402091143562e-10, -1.3807908724343748e-12, -2.3567949547945384e-13, 4.94323953998145e-11, -1.526173798920321e-10, -6.859234628082841e-16, 5.553007014013488e-16, 1.5444348422501998e-05, -1.3518118709574657e-06, -9.366486533469311e-09, 5.991878910147158e-10], [-3.528686624893646e-10, -1.3211833002229055e-12, -2.0387826644344619e-13, 3.804013963366176e-11, -1.494359603083146e-10, -8.090947875976681e-16, 7.705159052042375e-16, 1.569673507983915e-05, -1.3681550441503944e-06, -9.554188953299606e-09, 6.120761748255796e-10], [-4.455043597998866e-10, -1.374728616783724e-12, -2.3122946296449317e-13, 4.9453625173746205e-11, -1.5021807788644683e-10, -6.863602126468376e-16, 5.627185792382001e-16, 1.5623940907582e-05, -1.3604881153346948e-06, -9.568388027665346e-09, 6.053504295987321e-10], [-4.4897866993646793e-10, -1.3814877941491786e-12, -2.351020008397467e-13, 4.955597169240222e-11, -1.5042688429687435e-10, -6.786072138462604e-16, 7.372571696346523e-16, 1.55634342394745e-05, -1.3730337647549788e-06, -9.63073807952572e-09, 6.248521517158182e-10], [-4.56612532451765e-10, -1.3926863222739545e-12, -2.3361003430432253e-13, 4.98982004897359e-11, -1.5110796821273638e-10, -6.728834113571581e-16, 5.724342131367512e-16, 1.5387306104904974e-05, -1.3614762773238336e-06, -9.611275589387113e-09, 6.059556904812263e-10], [-4.963960096213992e-10, -1.4198728759039169e-12, -2.363798767656183e-13, 5.116064316466942e-11, -1.4649421468443632e-10, -6.693063371950946e-16, 5.249670425829772e-16, 1.5708404649649254e-05, -1.3914877623601495e-06, -9.461139539151692e-09, 5.933690415827707e-10], [-4.688705744255991e-10, -1.3909136597601794e-12, -2.3572259762725555e-13, 4.923494574950625e-11, -1.4530898869743596e-10, -7.657191841551142e-16, 5.486641150673435e-16, 1.5488590595945316e-05, -1.3539039685469568e-06, -9.342839166628793e-09, 5.986743852925257e-10]]
===========================================================>

generation 7

[[-4.573402091143562e-10, -1.3807908724343748e-12, -2.3567949547945384e-13, 4.94323953998145e-11, -1.526173798920321e-10, -6.859234628082841e-16, 5.553007014013488e-16, 1.5444348422501998e-05, -1.3518118709574657e-06, -9.366486533469311e-09, 5.991878910147158e-10], [-4.688705744255991e-10, -1.3909136597601794e-12, -2.3572259762725555e-13, 4.923494574950625e-11, -1.4530898869743596e-10, -7.657191841551142e-16, 5.486641150673435e-16, 1.5488590595945316e-05, -1.3539039685469568e-06, -9.342839166628793e-09, 5.986743852925257e-10], [-4.688705744255991e-10, -1.3909136597601794e-12, -2.3572259762725555e-13, 4.923494574950625e-11, -1.4530898869743596e-10, -7.657191841551142e-16, 5.486641150673435e-16, 1.5488590595945316e-05, -1.3539039685469568e-06, -9.342839166628793e-09, 5.986743852925257e-10], [-4.573402091143562e-10, -1.3807908724343748e-12, -2.3567949547945384e-13, 4.94323953998145e-11, -1.526173798920321e-10, -6.859234628082841e-16, 5.553007014013488e-16, 1.5444348422501998e-05, -1.3518118709574657e-06, -9.366486533469311e-09, 5.991878910147158e-10], [-4.688705744255991e-10, -1.3909136597601794e-12, -2.3572259762725555e-13, 4.923494574950625e-11, -1.4530898869743596e-10, -7.657191841551142e-16, 5.486641150673435e-16, 1.5488590595945316e-05, -1.3539039685469568e-06, -9.342839166628793e-09, 5.986743852925257e-10], [-4.455043597998866e-10, -1.374728616783724e-12, -2.3122946296449317e-13, 4.9453625173746205e-11, -1.5021807788644683e-10, -6.863602126468376e-16, 5.627185792382001e-16, 1.5623940907582e-05, -1.3604881153346948e-06, -9.568388027665346e-09, 6.053504295987321e-10], [-4.688705744255991e-10, -1.3909136597601794e-12, -2.3572259762725555e-13, 4.923494574950625e-11, -1.4530898869743596e-10, -7.657191841551142e-16, 5.486641150673435e-16, 1.5488590595945316e-05, -1.3539039685469568e-06, -9.342839166628793e-09, 5.986743852925257e-10], [-4.688705744255991e-10, -1.3909136597601794e-12, -2.3572259762725555e-13, 4.923494574950625e-11, -1.4530898869743596e-10, -7.657191841551142e-16, 5.486641150673435e-16, 1.5488590595945316e-05, -1.3539039685469568e-06, -9.342839166628793e-09, 5.986743852925257e-10]]

[[-4.695043820713979e-10, -1.3914700948626851e-12, -2.357249668905087e-13, 4.9224092225385594e-11, -1.449072569142195e-10, -7.701054405248349e-16, 5.556655050347944e-16, 1.544191649367423e-05, -1.3516968713531876e-06, -9.367786395312538e-09, 5.992161176878611e-10], [-4.5670640146855755e-10, -1.3802344373318693e-12, -2.3567712621620073e-13, 4.944324892393517e-11, -1.530191116752486e-10, -6.815372064385634e-16, 5.48299311433898e-16, 1.5491022524773087e-05, -1.354018968151235e-06, -9.341539304785568e-09, 5.986461586193805e-10], [-4.392792539611318e-10, -1.3649347219151267e-12, -2.356119810566718e-13, 4.9741676951870786e-11, -1.6406511134240654e-10, -5.609328917585497e-16, 5.382686865693323e-16, 1.555789073422123e-05, -1.3571809922769099e-06, -9.30579835998739e-09, 5.978700392402494e-10], [-4.869315295788236e-10, -1.4067698102794276e-12, -2.3579011205003754e-13, 4.8925664197449974e-11, -1.3386125724706152e-10, -8.907097552048483e-16, 5.6569612989936e-16, 1.5375048284226085e-05, -1.3485348472275128e-06, -9.40352734011071e-09, 5.999922370669918e-10], [-4.4050264455273427e-10, -1.3712640857277578e-12, -2.3026767345300263e-13, 4.9500435161071054e-11, -1.512689056152689e-10, -7.827065731759478e-16, 5.456556505445288e-16, 1.545961783641776e-05, -1.3524945820500323e-06, -9.294558724319452e-09, 5.9724532743562e-10], [-4.738722896727513e-10, -1.3943781908161456e-12, -2.366843871387461e-13, 4.9188135762181396e-11, -1.442581609686139e-10, -6.693728236260038e-16, 5.657270437610148e-16, 1.565291366710956e-05, -1.3618975018316193e-06, -9.616668469974687e-09, 6.067794874556378e-10], [-4.688705744255991e-10, -1.3909136597601794e-12, -2.3572259762725555e-13, 4.923494574950625e-11, -1.4530898869743596e-10, -7.657191841551142e-16, 5.486641150673435e-16, 1.5488590595945316e-05, -1.3539039685469566e-06, -9.342839166628793e-09, 5.986743852925257e-10], [-4.688705744255991e-10, -1.3909136597601794e-12, -2.3572259762725555e-13, 4.923494574950625e-11, -1.4530898869743596e-10, -7.657191841551142e-16, 5.486641150673435e-16, 1.5488590595945316e-05, -1.3539039685469566e-06, -9.342839166628793e-09, 5.986743852925257e-10]]

[[-4.655005683664704e-10, -1.3862528661202528e-12, -2.3315417052220483e-13, 4.899750552154241e-11, -1.4456900869096836e-10, -7.589965885237279e-16, 5.49622504222571e-16, 1.536721431753934e-05, -1.3331811969724002e-06, -9.286191265155193e-09, 5.919669373668595e-10], [-4.4862680228250393e-10, -1.3686389151464786e-12, -2.334059508149359e-13, 4.891567626295972e-11, -1.5173287820239863e-10, -6.748709556647249e-16, 5.45440086816708e-16, 1.5313149574522006e-05, -1.341955558048905e-06, -9.174198778206054e-09, 5.958507941841321e-10], [-4.3820025889494855e-10, -1.3470357510340158e-12, -2.324172008573399e-13, 4.945112455784063e-11, -1.6363974910522613e-10, -5.578493815306381e-16, 5.355432364263542e-16, 1.543290736761269e-05, -1.3551324114996888e-06, -9.15523127226326e-09, 5.912186525011092e-10], [-4.822366294104415e-10, -1.3876561613230278e-12, -2.347243735637959e-13, 4.825431892620818e-11, -1.3188923318868865e-10, -8.763465727215062e-16, 5.591717164168904e-16, 1.5150392162475711e-05, -1.3354203084503307e-06, -9.394529355226776e-09, 5.996196937943803e-10], [-4.364387785625946e-10, -1.3672431267014575e-12, -2.2941099441797707e-13, 4.876382725405929e-11, -1.4973474915834329e-10, -7.78038869956052e-16, 5.391524216763401e-16, 1.527101552094673e-05, -1.3494841374310637e-06, -9.273069976723201e-09, 5.882216892220981e-10], [-4.675137091357605e-10, -1.370440945756459e-12, -2.3474457848513955e-13, 4.8312708386724945e-11, -1.4241903860277658e-10, -6.620066239502269e-16, 5.559075996426287e-16, 1.5570988716816544e-05, -1.3524724548690634e-06, -9.547385893676026e-09, 6.065760639196611e-10], [-4.611227699450179e-10, -1.386828327653497e-12, -2.3227216552095393e-13, 4.916158681564586e-11, -1.4267180691824545e-10, -7.623266630431619e-16, 5.45576354094708e-16, 1.5384244027859328e-05, -1.3375010055500508e-06, -9.263535619841678e-09, 5.895522210094015e-10], [-4.653951309700681e-10, -1.3808872188970742e-12, -2.324383010703073e-13, 4.851023834306904e-11, -1.435444749558694e-10, -7.621292517727927e-16, 5.467612428671141e-16, 1.5462597955582478e-05, -1.344550009091445e-06, -9.299438807760041e-09, 5.941888744641898e-10]]
===========================================================>

generation 8

[[-4.822366294104415e-10, -1.3876561613230278e-12, -2.347243735637959e-13, 4.825431892620818e-11, -1.3188923318868865e-10, -8.763465727215062e-16, 5.591717164168904e-16, 1.5150392162475711e-05, -1.3354203084503307e-06, -9.394529355226776e-09, 5.996196937943803e-10], [-4.611227699450179e-10, -1.386828327653497e-12, -2.3227216552095393e-13, 4.916158681564586e-11, -1.4267180691824545e-10, -7.623266630431619e-16, 5.45576354094708e-16, 1.5384244027859328e-05, -1.3375010055500508e-06, -9.263535619841678e-09, 5.895522210094015e-10], [-4.611227699450179e-10, -1.386828327653497e-12, -2.3227216552095393e-13, 4.916158681564586e-11, -1.4267180691824545e-10, -7.623266630431619e-16, 5.45576354094708e-16, 1.5384244027859328e-05, -1.3375010055500508e-06, -9.263535619841678e-09, 5.895522210094015e-10], [-4.3820025889494855e-10, -1.3470357510340158e-12, -2.324172008573399e-13, 4.945112455784063e-11, -1.6363974910522613e-10, -5.578493815306381e-16, 5.355432364263542e-16, 1.543290736761269e-05, -1.3551324114996888e-06, -9.15523127226326e-09, 5.912186525011092e-10], [-4.655005683664704e-10, -1.3862528661202528e-12, -2.3315417052220483e-13, 4.899750552154241e-11, -1.4456900869096836e-10, -7.589965885237279e-16, 5.49622504222571e-16, 1.536721431753934e-05, -1.3331811969724002e-06, -9.286191265155193e-09, 5.919669373668595e-10], [-4.4862680228250393e-10, -1.3686389151464786e-12, -2.334059508149359e-13, 4.891567626295972e-11, -1.5173287820239863e-10, -6.748709556647249e-16, 5.45440086816708e-16, 1.5313149574522006e-05, -1.341955558048905e-06, -9.174198778206054e-09, 5.958507941841321e-10], [-4.655005683664704e-10, -1.3862528661202528e-12, -2.3315417052220483e-13, 4.899750552154241e-11, -1.4456900869096836e-10, -7.589965885237279e-16, 5.49622504222571e-16, 1.536721431753934e-05, -1.3331811969724002e-06, -9.286191265155193e-09, 5.919669373668595e-10], [-4.653951309700681e-10, -1.3808872188970742e-12, -2.324383010703073e-13, 4.851023834306904e-11, -1.435444749558694e-10, -7.621292517727927e-16, 5.467612428671141e-16, 1.5462597955582478e-05, -1.344550009091445e-06, -9.299438807760041e-09, 5.941888744641898e-10]]

[[-4.635147965189831e-10, -1.3869221143976772e-12, -2.3254998051792193e-13, 4.905880082785456e-11, -1.4145023002279074e-10, -8.634290549953722e-16, 5.576314737146691e-16, 1.5176885654927197e-05, -1.3356560343138591e-06, -9.379688842691528e-09, 5.984791319528194e-10], [-4.798446028364762e-10, -1.3875623745788475e-12, -2.344465585668279e-13, 4.8357104913999483e-11, -1.3311081008414333e-10, -7.752441807692959e-16, 5.471165967969293e-16, 1.5357750535407843e-05, -1.3372652796865224e-06, -9.278376132376927e-09, 5.906927828509624e-10], [-4.4002460314215e-10, -1.3502027408144332e-12, -2.3240565786447155e-13, 4.9428080986690555e-11, -1.6197096401353544e-10, -7.46052837222075e-16, 5.447778438241807e-16, 1.5388117019074588e-05, -1.3389042442242098e-06, -9.254915952780769e-09, 5.896848480457071e-10], [-4.5929842569781646e-10, -1.3836613378730796e-12, -2.3228370851382235e-13, 4.918463038679594e-11, -1.4434059200993614e-10, -5.74123207351725e-16, 5.363417466968817e-16, 1.5429034376397427e-05, -1.3537291728255297e-06, -9.163850939324169e-09, 5.910860254648037e-10], [-4.496563475770387e-10, -1.36971362249118e-12, -2.333905885529283e-13, 4.892066903859201e-11, -1.512957779066228e-10, -6.800038435469411e-16, 5.45695275145061e-16, 1.5363915581412697e-05, -1.333716560691081e-06, -9.279358093627984e-09, 5.922039091543651e-10], [-4.6447102307193563e-10, -1.3851781587755513e-12, -2.331695327842125e-13, 4.899251274591012e-11, -1.450061089867442e-10, -7.538637006415118e-16, 5.49367315894218e-16, 1.531644831064865e-05, -1.3414201943302242e-06, -9.181031949733263e-09, 5.956138223966265e-10], [-4.653868392742141e-10, -1.3804652593613451e-12, -2.323820044244413e-13, 4.847191919463221e-11, -1.4346390466095073e-10, -7.623756073521274e-16, 5.498475165021583e-16, 1.5359713258682737e-05, -1.3322871429125616e-06, -9.28514946596591e-09, 5.917922021472279e-10], [-4.6550886006232446e-10, -1.3866748256559822e-12, -2.332104671680709e-13, 4.9035824669979253e-11, -1.446495789858871e-10, -7.587502329443934e-16, 5.465362305875269e-16, 1.5470099014439086e-05, -1.3454440631512836e-06, -9.300480606949328e-09, 5.943636096838216e-10]]

[[-4.5755549289635507e-10, -1.3758461752823708e-12, -2.2922947391344523e-13, 4.871095857951732e-11, -1.392624955877982e-10, -8.629291255078594e-16, 5.48153075839122e-16, 1.4977707636306384e-05, -1.3166432315750306e-06, -9.238369340654748e-09, 5.984137758945393e-10], [-4.734856254321441e-10, -1.3847398472046777e-12, -2.3009224251270337e-13, 4.792040469244987e-11, -1.3248593273401614e-10, -7.744433600795917e-16, 5.450232392324161e-16, 1.528678593101421e-05, -1.323111246337027e-06, -9.173311664491913e-09, 5.882948031005073e-10], [-4.3247940745053226e-10, -1.3467250254485884e-12, -2.3221815038400223e-13, 4.8770017623718e-11, -1.6044721152910468e-10, -7.416585775837857e-16, 5.406401493087373e-16, 1.5177924131255212e-05, -1.3387173511033532e-06, -9.141184991805052e-09, 5.845696447383009e-10], [-4.5230879003001875e-10, -1.3805743861349563e-12, -2.3100963825791447e-13, 4.873253426676952e-11, -1.427433221023184e-10, -5.662403622662355e-16, 5.306276800726685e-16, 1.532982467871983e-05, -1.3400916655574972e-06, -9.020845524050156e-09, 5.870873389996333e-10], [-4.428196206548934e-10, -1.3654452303114789e-12, -2.3330824443893486e-13, 4.8087520542956445e-11, -1.493719998636296e-10, -6.729387907979234e-16, 5.384733190299744e-16, 1.5297707308820576e-05, -1.3217525091310872e-06, -9.209616928561603e-09, 5.850425304780038e-10], [-4.5862768590894604e-10, -1.3689934947577893e-12, -2.329259668018935e-13, 4.8639517700381216e-11, -1.4375889843216152e-10, -7.397981270968222e-16, 5.38942506983014e-16, 1.5297326192965206e-05, -1.3208317165561739e-06, -9.136515333368724e-09, 5.935990001909874e-10], [-4.5924370482298497e-10, -1.3698086352400016e-12, -2.287154433691591e-13, 4.791148211151421e-11, -1.433329165824411e-10, -7.517676214814133e-16, 5.4808112953834205e-16, 1.5292368024286124e-05, -1.3281373358352607e-06, -9.171623786383242e-09, 5.86213409760456e-10], [-4.588206785171963e-10, -1.3800713886044152e-12, -2.3209092481585553e-13, 4.896382232115397e-11, -1.4296538533127342e-10, -7.526723962980412e-16, 5.402592839324896e-16, 1.532439144227023e-05, -1.3301301488196078e-06, -9.24891579397652e-09, 5.86690630076062e-10]]
===========================================================>

