Best Vector in gen 9
[-9.409215333883902e-10, -1.3330027425096904e-12, -2.1439289025301e-13, 4.130550895499254e-11, -1.6001791503705213e-10, -1.7727415343670506e-16, 4.642333480842322e-16, 1.5885986108164696e-05, -1.322964628294778e-06, -9.34314429983351e-09, 5.699385244033649e-10]
===========================================================>

generation 1

[[0.0, -1.45799022e-12, -2.28980078e-13, 4.62010753e-11, -1.75214813e-10, -1.8366977e-15, 8.5294406e-16, 2.29423303e-05, -2.04721003e-06, -1.59792834e-08, 9.98214034e-10], [-4.055602815799549e-10, -1.4128371947304094e-12, -2.2176453661837746e-13, 4.272808295025534e-11, -1.5093181158763617e-10, -3.6674484141504946e-16, 5.435020211172908e-16, 1.550882276478362e-05, -1.3285480590260884e-06, -9.28563588135342e-09, 5.774766039414713e-10], [0.0, -1.45799022e-12, -2.28980078e-13, 4.62010753e-11, -1.75214813e-10, -1.8366977e-15, 8.5294406e-16, 2.29423303e-05, -2.04721003e-06, -1.59792834e-08, 9.98214034e-10], [-1.3410809365520156e-09, -1.4341729190006073e-12, -2.1986537645093142e-13, 4.369566089878809e-11, -1.6643107793544143e-10, -1.8334949187500306e-15, 7.861868957339521e-16, 2.273329023115126e-05, -1.916464846061047e-06, -1.4983818053358545e-08, 9.408860283976409e-10], [-1.3410809365520156e-09, -1.4341729190006073e-12, -2.1986537645093142e-13, 4.369566089878809e-11, -1.6643107793544143e-10, -1.8334949187500306e-15, 7.861868957339521e-16, 2.273329023115126e-05, -1.916464846061047e-06, -1.4983818053358545e-08, 9.408860283976409e-10], [-3.548330684715398e-10, -1.3864142816932345e-12, -2.2080734329857315e-13, 4.195989695157215e-11, -1.5415565681148144e-10, -4.873442356206607e-16, 5.575771086185493e-16, 1.5807498674479656e-05, -1.3678338314604715e-06, -9.533950786224575e-09, 6.00148832658105e-10], [-1.3410809365520156e-09, -1.4341729190006073e-12, -2.1986537645093142e-13, 4.369566089878809e-11, -1.6643107793544143e-10, -1.8334949187500306e-15, 7.861868957339521e-16, 2.273329023115126e-05, -1.916464846061047e-06, -1.4983818053358545e-08, 9.408860283976409e-10], [-1.8310161322423864e-08, -1.3417178579147931e-12, -2.1187482620658653e-13, 4.396079784039678e-11, -1.7054610574314138e-10, -1.80024414766035e-15, 8.259782160403882e-16, 2.1937280384310635e-05, -1.965484307683933e-06, -1.492937060804974e-08, 9.743608487275119e-10]]

[[-3.9583056440720924e-10, -1.4139204521037781e-12, -2.2193764325647806e-13, 4.281140282855921e-11, -1.515143803118891e-10, -4.0201019214314084e-16, 5.509257843811817e-16, 1.568715858612531e-05, -2.029968751605716e-06, -1.5818697415206905e-08, 9.881202048348028e-10], [-9.729717172745686e-12, -1.4569069626266315e-12, -2.2880697136189945e-13, 4.6117755421696135e-11, -1.746322442757471e-10, -1.8014323492719087e-15, 8.45520296736109e-16, 2.2763994478658306e-05, -1.3457893374203724e-06, -9.446221866146515e-09, 5.875704331066685e-10], [-1.0444316995407648e-09, -1.4394413438783054e-12, -2.218815629363409e-13, 4.4249862550798296e-11, -1.683740541078637e-10, -1.8342033790585938e-15, 8.009536866895179e-16, 2.277953022699237e-05, -2.0182889872789654e-06, -1.575908488139935e-08, 9.855329879439428e-10], [-2.9664923701125095e-10, -1.4527217951223022e-12, -2.2696389151459054e-13, 4.5646873647989804e-11, -1.7327183682757778e-10, -1.8359892396914373e-15, 8.381772690444344e-16, 2.289609030415889e-05, -1.9453858887820817e-06, -1.5204016571959196e-08, 9.535670744536982e-10], [-3.886743252570454e-10, -1.3880530302889503e-12, -2.2077502146244432e-13, 4.2019456455179574e-11, -1.545768650004681e-10, -1.787304267886137e-15, 7.783425771201035e-16, 2.249564460666096e-05, -1.8976395956889207e-06, -1.4796816019079921e-08, 9.291942668125565e-10], [-1.3072396797665098e-09, -1.4325341704048915e-12, -2.198976982870602e-13, 4.363610139518066e-11, -1.6600986974645474e-10, -5.335348864845545e-16, 5.654214272323977e-16, 1.6045144298969952e-05, -1.3866590818325977e-06, -9.720952820503195e-09, 6.118405942431894e-10], [-2.2967039289564644e-08, -1.3163451254431119e-12, -2.096819544343954e-13, 4.403356020309268e-11, -1.716754057344246e-10, -1.791119034233055e-15, 7.752668388655339e-16, 2.2951741710729704e-05, -1.9030122814198435e-06, -1.499876023659181e-08, 9.316994284344537e-10], [3.3157970305887635e-09, -1.4595456514722889e-12, -2.220582482231226e-13, 4.36228985360922e-11, -1.653017779441582e-10, -1.8426200321773263e-15, 8.368982729088068e-16, 2.1718828904732197e-05, -1.9789368723251367e-06, -1.491442842481648e-08, 9.835474486906992e-10]]

[[-3.91932563813189e-10, -1.4025959127100103e-12, -2.1976913988535982e-13, 4.2696944391001605e-11, -1.5010020976175325e-10, -4.0096395585249283e-16, 5.47851832632961e-16, 1.5658561238269222e-05, -2.0101440959132286e-06, -1.5716942881835535e-08, 9.802008900177199e-10], [-9.715905112617541e-12, -1.454917934913521e-12, -2.268631797732958e-13, 4.594991335136657e-11, -1.7283726394946518e-10, -1.8003968457102375e-15, 8.394627155835945e-16, 2.269216310616718e-05, -1.3373242159619427e-06, -9.427397642854304e-09, 5.818893858381704e-10], [-1.038602203976712e-09, -1.433124332387072e-12, -2.215629185582236e-13, 4.389123955591326e-11, -1.6793467864795175e-10, -1.8226982335780007e-15, 7.984105318816893e-16, 2.2628986563331565e-05, -2.006784373998297e-06, -1.5719087729287603e-08, 9.777505451669266e-10], [-2.9529266154276234e-10, -1.4408145620823029e-12, -2.2688594689847798e-13, 4.5634743343683864e-11, -1.7308227132342494e-10, -1.8354439296008157e-15, 8.358893116900499e-16, 2.2694829689681525e-05, -1.9425959989536544e-06, -1.5040003911129947e-08, 9.451480379069288e-10], [-3.846538565827161e-10, -1.3762737433099628e-12, -2.18691957580244e-13, 4.176446083817636e-11, -1.53711603030456e-10, -1.7820821518473454e-15, 7.763966559063667e-16, 2.2343285050072348e-05, -1.8916809163451564e-06, -1.4796492002003091e-08, 9.216356067961126e-10], [-1.2991329013988283e-09, -1.4234994448029252e-12, -2.1785014883388156e-13, 4.3251343965850714e-11, -1.6434128208885357e-10, -5.296909025661559e-16, 5.604953626896272e-16, 1.595941894736271e-05, -1.379552928760317e-06, -9.658559840432751e-09, 6.099325507446197e-10], [-2.2798789270559638e-08, -1.315914630007794e-12, -2.0809563667103888e-13, 4.401094433239908e-11, -1.7144213087473425e-10, -1.7780599618276372e-15, 7.723053730336404e-16, 2.274695364897609e-05, -1.8853184024345425e-06, -1.4871789210413769e-08, 9.286395335589022e-10], [3.2823454582071174e-09, -1.458604577032823e-12, -2.1960107757543904e-13, 4.355238555532345e-11, -1.6479106922721441e-10, -1.840939303487788e-15, 8.342761945577045e-16, 2.148802948714359e-05, -1.9773720174937333e-06, -1.4874528093464376e-08, 9.737611571947877e-10]]
===========================================================>

generation 2

[[-1.038602203976712e-09, -1.433124332387072e-12, -2.215629185582236e-13, 4.389123955591326e-11, -1.6793467864795175e-10, -1.8226982335780007e-15, 7.984105318816893e-16, 2.2628986563331565e-05, -2.006784373998297e-06, -1.5719087729287603e-08, 9.777505451669266e-10], [-1.2991329013988283e-09, -1.4234994448029252e-12, -2.1785014883388156e-13, 4.3251343965850714e-11, -1.6434128208885357e-10, -5.296909025661559e-16, 5.604953626896272e-16, 1.595941894736271e-05, -1.379552928760317e-06, -9.658559840432751e-09, 6.099325507446197e-10], [-1.038602203976712e-09, -1.433124332387072e-12, -2.215629185582236e-13, 4.389123955591326e-11, -1.6793467864795175e-10, -1.8226982335780007e-15, 7.984105318816893e-16, 2.2628986563331565e-05, -2.006784373998297e-06, -1.5719087729287603e-08, 9.777505451669266e-10], [-2.9529266154276234e-10, -1.4408145620823029e-12, -2.2688594689847798e-13, 4.5634743343683864e-11, -1.7308227132342494e-10, -1.8354439296008157e-15, 8.358893116900499e-16, 2.2694829689681525e-05, -1.9425959989536544e-06, -1.5040003911129947e-08, 9.451480379069288e-10], [-1.2991329013988283e-09, -1.4234994448029252e-12, -2.1785014883388156e-13, 4.3251343965850714e-11, -1.6434128208885357e-10, -5.296909025661559e-16, 5.604953626896272e-16, 1.595941894736271e-05, -1.379552928760317e-06, -9.658559840432751e-09, 6.099325507446197e-10], [-1.038602203976712e-09, -1.433124332387072e-12, -2.215629185582236e-13, 4.389123955591326e-11, -1.6793467864795175e-10, -1.8226982335780007e-15, 7.984105318816893e-16, 2.2628986563331565e-05, -2.006784373998297e-06, -1.5719087729287603e-08, 9.777505451669266e-10], [-2.9529266154276234e-10, -1.4408145620823029e-12, -2.2688594689847798e-13, 4.5634743343683864e-11, -1.7308227132342494e-10, -1.8354439296008157e-15, 8.358893116900499e-16, 2.2694829689681525e-05, -1.9425959989536544e-06, -1.5040003911129947e-08, 9.451480379069288e-10], [-3.846538565827161e-10, -1.3762737433099628e-12, -2.18691957580244e-13, 4.176446083817636e-11, -1.53711603030456e-10, -1.7820821518473454e-15, 7.763966559063667e-16, 2.2343285050072348e-05, -1.8916809163451564e-06, -1.4796492002003091e-08, 9.216356067961126e-10]]

[[-1.2771085656198865e-09, -1.4243130984647982e-12, -2.1816401314195698e-13, 4.3305438456359706e-11, -1.646450550153746e-10, -1.7133920063095182e-15, 7.782980321838135e-16, 2.2065165109169273e-05, -1.9537604651164584e-06, -1.5206752321051565e-08, 9.46656524021432e-10], [-1.0606265397556537e-09, -1.4323106787251992e-12, -2.212490542501482e-13, 4.3837145065404267e-11, -1.6763090572143079e-10, -6.389971298346384e-16, 5.806078623875031e-16, 1.6523240401525002e-05, -1.4325768376421556e-06, -1.0170895248668791e-08, 6.410265718901146e-10], [-4.509643142159655e-10, -1.4392039938092616e-12, -2.257711426727172e-13, 4.526960055916438e-11, -1.7200420866805337e-10, -1.8327745927349862e-15, 8.062597296383037e-16, 2.2642776118975512e-05, -1.993341373666447e-06, -1.5576866899012677e-08, 9.709225873691092e-10], [-8.829305513035088e-10, -1.4347349006601136e-12, -2.2267772278398444e-13, 4.425638234043275e-11, -1.6901274130332337e-10, -1.8253675704438305e-15, 8.280401139334356e-16, 2.268104013403758e-05, -1.9560389992855044e-06, -1.5182224741404873e-08, 9.519759957047462e-10], [-1.0665222010071778e-09, -1.4320928730027194e-12, -2.2116503638654815e-13, 4.382266459276637e-11, -1.6754958920455015e-10, -1.6841319870687442e-15, 5.859917471198379e-16, 1.6674168916847628e-05, -1.4467707278977658e-06, -1.0308041541952657e-08, 6.493500835483797e-10], [-1.2712129043683622e-09, -1.4245309041872776e-12, -2.18248031005557e-13, 4.33199189289976e-11, -1.6472637153225514e-10, -6.682571490754123e-16, 7.729141474514786e-16, 2.1914236593846644e-05, -1.9395665748608477e-06, -1.5069606027767694e-08, 9.383330123631665e-10], [-3.5973028462828756e-10, -1.394274708269652e-12, -2.2097732856566462e-13, 4.284391444739515e-11, -1.591142416678346e-10, -1.7969651903615485e-15, 8.192963208899412e-16, 2.259678099956972e-05, -1.928395363830196e-06, -1.4972086437710196e-08, 9.385902275693212e-10], [-3.2021623349719086e-10, -1.4228135971226138e-12, -2.2460057591305735e-13, 4.455528973446508e-11, -1.6767963268604634e-10, -1.8205608910866125e-15, 7.929896467064754e-16, 2.2441333740184154e-05, -1.9058815514686146e-06, -1.4864409475422844e-08, 9.281934171337201e-10]]

[[-1.275850399500333e-09, -1.4215606527486937e-12, -2.1807233864582754e-13, 4.312325064124029e-11, -1.63340219052201e-10, -1.7106824190758615e-15, 7.730373261573686e-16, 2.201533541651763e-05, -1.9406881421151057e-06, -1.5054340350671024e-08, 9.404337536211399e-10], [-1.0548619935092525e-09, -1.4239817960275055e-12, -2.2092630398132046e-13, 4.378570557638233e-11, -1.6727438710128303e-10, -6.346023906917306e-16, 5.753775641627114e-16, 1.6498996024606115e-05, -1.4190835413638964e-06, -1.009827299192907e-08, 6.361457778787277e-10], [-4.464896398244819e-10, -1.4388807198576149e-12, -2.2438964615893335e-13, 4.524759831226227e-11, -1.704401369968138e-10, -1.810977903788615e-15, 7.976781839964333e-16, 2.2468958107370272e-05, -1.993031302520636e-06, -1.541287639899192e-08, 9.692582246287922e-10], [-8.741135085521636e-10, -1.422008638901163e-12, -2.2200499758988665e-13, 4.3918561933888655e-11, -1.684657353975679e-10, -1.80855957789131e-15, 8.214356172755639e-16, 2.25904064176723e-05, -1.951206442706067e-06, -1.506575684844259e-08, 9.429915928788982e-10], [-1.0587751014023797e-09, -1.4313975169243424e-12, -2.2023577861227675e-13, 4.3738892357126585e-11, -1.6650951995269513e-10, -1.681128756662376e-15, 5.822108481325511e-16, 1.6509708762004237e-05, -1.443461410587311e-06, -1.0286091492669052e-08, 6.456592284524622e-10], [-1.2599244384970592e-09, -1.4135866650128302e-12, -2.163781370817462e-13, 4.325693759895568e-11, -1.6315194584938517e-10, -6.673664732979605e-16, 7.652989635690792e-16, 2.168350648672781e-05, -1.9220215975850155e-06, -1.4903126418222357e-08, 9.364332364135103e-10], [-3.5878363287810113e-10, -1.3905698618660769e-12, -2.1905392654966058e-13, 4.2642848658069905e-11, -1.5805728528607984e-10, -1.7963786932830052e-15, 8.171170138933587e-16, 2.2545909214802597e-05, -1.9273140030601506e-06, -1.4846214360223991e-08, 9.359252423544362e-10], [-3.193754724792452e-10, -1.417331227171139e-12, -2.2236796609161792e-13, 4.426096434133301e-11, -1.6638975262750132e-10, -1.811267780851684e-15, 7.894839045905807e-16, 2.2438580354851257e-05, -1.8971386231669864e-06, -1.4771695819864536e-08, 9.253876991094034e-10]]
===========================================================>

generation 3

[[-1.0548619935092525e-09, -1.4239817960275055e-12, -2.2092630398132046e-13, 4.378570557638233e-11, -1.6727438710128303e-10, -6.346023906917306e-16, 5.753775641627114e-16, 1.6498996024606115e-05, -1.4190835413638964e-06, -1.009827299192907e-08, 6.361457778787277e-10], [-3.193754724792452e-10, -1.417331227171139e-12, -2.2236796609161792e-13, 4.426096434133301e-11, -1.6638975262750132e-10, -1.811267780851684e-15, 7.894839045905807e-16, 2.2438580354851257e-05, -1.8971386231669864e-06, -1.4771695819864536e-08, 9.253876991094034e-10], [-1.0548619935092525e-09, -1.4239817960275055e-12, -2.2092630398132046e-13, 4.378570557638233e-11, -1.6727438710128303e-10, -6.346023906917306e-16, 5.753775641627114e-16, 1.6498996024606115e-05, -1.4190835413638964e-06, -1.009827299192907e-08, 6.361457778787277e-10], [-3.193754724792452e-10, -1.417331227171139e-12, -2.2236796609161792e-13, 4.426096434133301e-11, -1.6638975262750132e-10, -1.811267780851684e-15, 7.894839045905807e-16, 2.2438580354851257e-05, -1.8971386231669864e-06, -1.4771695819864536e-08, 9.253876991094034e-10], [-1.0548619935092525e-09, -1.4239817960275055e-12, -2.2092630398132046e-13, 4.378570557638233e-11, -1.6727438710128303e-10, -6.346023906917306e-16, 5.753775641627114e-16, 1.6498996024606115e-05, -1.4190835413638964e-06, -1.009827299192907e-08, 6.361457778787277e-10], [-1.0548619935092525e-09, -1.4239817960275055e-12, -2.2092630398132046e-13, 4.378570557638233e-11, -1.6727438710128303e-10, -6.346023906917306e-16, 5.753775641627114e-16, 1.6498996024606115e-05, -1.4190835413638964e-06, -1.009827299192907e-08, 6.361457778787277e-10], [-8.741135085521636e-10, -1.422008638901163e-12, -2.2200499758988665e-13, 4.3918561933888655e-11, -1.684657353975679e-10, -1.80855957789131e-15, 8.214356172755639e-16, 2.25904064176723e-05, -1.951206442706067e-06, -1.506575684844259e-08, 9.429915928788982e-10], [-1.275850399500333e-09, -1.4215606527486937e-12, -2.1807233864582754e-13, 4.312325064124029e-11, -1.63340219052201e-10, -1.7106824190758615e-15, 7.730373261573686e-16, 2.201533541651763e-05, -1.9406881421151057e-06, -1.5054340350671024e-08, 9.404337536211399e-10]]

[[-3.754847098228134e-10, -1.417838589761427e-12, -2.2225798370689298e-13, 4.422470751530051e-11, -1.6720689957536317e-10, -7.2436854651194505e-16, 5.91711437222691e-16, 1.6952118600450393e-05, -1.4555536944954912e-06, -1.0454801878810984e-08, 6.582116392425956e-10], [-9.987527561656843e-10, -1.4234744334372175e-12, -2.2103628636604535e-13, 4.3821962402414824e-11, -1.6645724015342117e-10, -1.7215016250314696e-15, 7.731500315306011e-16, 2.1985457779006976e-05, -1.8606684700353912e-06, -1.441516693298262e-08, 9.033218377455354e-10], [-3.028888580841705e-10, -1.4171821484849798e-12, -2.2240028228861248e-13, 4.4271617708555354e-11, -1.663699227230329e-10, -1.8376438299088843e-15, 7.942832973370738e-16, 1.6365854717838667e-05, -1.4083674920986346e-06, -9.993513872806928e-09, 6.296621512100261e-10], [-1.071348607904327e-09, -1.4241308747136645e-12, -2.2089398778432588e-13, 4.3775052209159975e-11, -1.6729421700575143e-10, -6.082263416345301e-16, 5.705781714162181e-16, 2.2571721661618702e-05, -1.9078546724322476e-06, -1.4876454938986675e-08, 9.318713257781048e-10], [-1.0548619935092525e-09, -1.4239817960275055e-12, -2.2092630398132046e-13, 4.378570557638233e-11, -1.6727438710128303e-10, -6.346023906917306e-16, 5.753775641627114e-16, 1.6498996024606115e-05, -1.4190835413638964e-06, -1.009827299192907e-08, 6.361457778787277e-10], [-1.0548619935092525e-09, -1.4239817960275055e-12, -2.2092630398132046e-13, 4.378570557638233e-11, -1.6727438710128303e-10, -6.346023906917306e-16, 5.753775641627114e-16, 1.6498996024606115e-05, -1.4190835413638964e-06, -1.009827299192907e-08, 6.361457778787277e-10], [-1.2467028196320562e-09, -1.4215931558930481e-12, -2.1835766840580084e-13, 4.3180953580514547e-11, -1.6371209527370044e-10, -1.7177837890723286e-15, 8.179241323020874e-16, 2.2548682771390964e-05, -1.95044329893346e-06, -1.506492853695786e-08, 9.428060116546302e-10], [-9.032610884204407e-10, -1.4219761357568085e-12, -2.2171966782991336e-13, 4.38608589946144e-11, -1.6809385917606847e-10, -1.801458207894843e-15, 7.765488111308452e-16, 2.205705906279897e-05, -1.9414512858877127e-06, -1.5055168662155756e-08, 9.406193348454076e-10]]

[[-3.7153582997993397e-10, -1.4018986031527164e-12, -2.2115041317042197e-13, 4.411543612602948e-11, -1.659618948336893e-10, -7.175921286305756e-16, 5.875026811296999e-16, 1.6873039163657796e-05, -1.448331140397873e-06, -1.0447834918130488e-08, 6.565774001002573e-10], [-9.93130865903967e-10, -1.4165997984384792e-12, -2.1975220645018867e-13, 4.341339474249792e-11, -1.6540045406135052e-10, -1.7131286184795435e-15, 7.665258239430418e-16, 2.1835972725534466e-05, -1.8523453943671637e-06, -1.425912320433827e-08, 8.982533032384045e-10], [-2.997074408676436e-10, -1.411793340737173e-12, -2.2200752826717242e-13, 4.393057948557567e-11, -1.6496203397096368e-10, -1.835063877211089e-15, 7.877241672254523e-16, 1.6332502911800534e-05, -1.4018944071573535e-06, -9.949646407747515e-09, 6.274084442204655e-10], [-1.0655836963427023e-09, -1.4157041975072281e-12, -2.2045409873304425e-13, 4.372962154037667e-11, -1.672259186650482e-10, -6.036008031227471e-16, 5.68660819541391e-16, 2.2331176000238675e-05, -1.8922168804473436e-06, -1.4744297295768003e-08, 9.259387622335736e-10], [-1.0491985472927204e-09, -1.4153847372342265e-12, -2.1883964411995002e-13, 4.354826552551193e-11, -1.669364331844935e-10, -6.289871549583527e-16, 5.693698902463564e-16, 1.6428798507631283e-05, -1.41816936298625e-06, -1.0087757727641912e-08, 6.315963334917753e-10], [-1.0455984634013623e-09, -1.4146485736822468e-12, -2.1980545261727963e-13, 4.351749053192798e-11, -1.6589418013593394e-10, -6.273054841314644e-16, 5.720100314961945e-16, 1.643078429578914e-05, -1.4073221071670276e-06, -1.0069796794615592e-08, 6.358777215543476e-10], [-1.2342201105749403e-09, -1.413098592775441e-12, -2.1771394166646176e-13, 4.304797063624673e-11, -1.621153186334848e-10, -1.7123513794119772e-15, 8.153177386266181e-16, 2.245321298246538e-05, -1.9280708807467515e-06, -1.4983754043478186e-08, 9.345323780204796e-10], [-8.949835520234784e-10, -1.4165972773632262e-12, -2.1964454666657983e-13, 4.341178651721432e-11, -1.6625288931752548e-10, -1.7986983098844494e-15, 7.702516527477214e-16, 2.2050132132949128e-05, -1.9249608369107976e-06, -1.496223787556406e-08, 9.373066524130266e-10]]
===========================================================>

generation 4

[[-8.949835520234784e-10, -1.4165972773632262e-12, -2.1964454666657983e-13, 4.341178651721432e-11, -1.6625288931752548e-10, -1.7986983098844494e-15, 7.702516527477214e-16, 2.2050132132949128e-05, -1.9249608369107976e-06, -1.496223787556406e-08, 9.373066524130266e-10], [-1.0455984634013623e-09, -1.4146485736822468e-12, -2.1980545261727963e-13, 4.351749053192798e-11, -1.6589418013593394e-10, -6.273054841314644e-16, 5.720100314961945e-16, 1.643078429578914e-05, -1.4073221071670276e-06, -1.0069796794615592e-08, 6.358777215543476e-10], [-3.7153582997993397e-10, -1.4018986031527164e-12, -2.2115041317042197e-13, 4.411543612602948e-11, -1.659618948336893e-10, -7.175921286305756e-16, 5.875026811296999e-16, 1.6873039163657796e-05, -1.448331140397873e-06, -1.0447834918130488e-08, 6.565774001002573e-10], [-9.93130865903967e-10, -1.4165997984384792e-12, -2.1975220645018867e-13, 4.341339474249792e-11, -1.6540045406135052e-10, -1.7131286184795435e-15, 7.665258239430418e-16, 2.1835972725534466e-05, -1.8523453943671637e-06, -1.425912320433827e-08, 8.982533032384045e-10], [-1.0491985472927204e-09, -1.4153847372342265e-12, -2.1883964411995002e-13, 4.354826552551193e-11, -1.669364331844935e-10, -6.289871549583527e-16, 5.693698902463564e-16, 1.6428798507631283e-05, -1.41816936298625e-06, -1.0087757727641912e-08, 6.315963334917753e-10], [-1.0491985472927204e-09, -1.4153847372342265e-12, -2.1883964411995002e-13, 4.354826552551193e-11, -1.669364331844935e-10, -6.289871549583527e-16, 5.693698902463564e-16, 1.6428798507631283e-05, -1.41816936298625e-06, -1.0087757727641912e-08, 6.315963334917753e-10], [-1.0455984634013623e-09, -1.4146485736822468e-12, -2.1980545261727963e-13, 4.351749053192798e-11, -1.6589418013593394e-10, -6.273054841314644e-16, 5.720100314961945e-16, 1.643078429578914e-05, -1.4073221071670276e-06, -1.0069796794615592e-08, 6.358777215543476e-10], [-8.949835520234784e-10, -1.4165972773632262e-12, -2.1964454666657983e-13, 4.341178651721432e-11, -1.6625288931752548e-10, -1.7986983098844494e-15, 7.702516527477214e-16, 2.2050132132949128e-05, -1.9249608369107976e-06, -1.496223787556406e-08, 9.373066524130266e-10]]

[[-1.0488688953572283e-09, -1.4146062597922574e-12, -2.1980894650748106e-13, 4.351978577470587e-11, -1.6588639117294475e-10, -6.018700176483144e-16, 5.677054395590984e-16, 1.6308766531613943e-05, -1.9362007747619746e-06, -1.5068471684069123e-08, 9.43851839731362e-10], [-8.917131200676124e-10, -1.4166395912532154e-12, -2.1964105277637835e-13, 4.3409491274436425e-11, -1.6626067828051462e-10, -1.8241337763675993e-15, 7.745562446848173e-16, 2.217214989712432e-05, -1.3960821693158506e-06, -9.963562986110526e-09, 6.29332534236012e-10], [-9.778303134742116e-10, -1.416237928738353e-12, -2.1978662328750908e-13, 4.343067548056015e-11, -1.6541427391748982e-10, -1.6886235028039887e-15, 7.621191719840484e-16, 1.6995201698395554e-05, -1.4582759451629824e-06, -1.0541649721785327e-08, 6.625262488092513e-10], [-3.8683638240968966e-10, -1.4022604728528427e-12, -2.2111599633310156e-13, 4.409815538796725e-11, -1.6594807497755e-10, -7.420972443061303e-16, 5.919093330886933e-16, 2.171381019079671e-05, -1.8424005896020543e-06, -1.416530840068343e-08, 8.923044545294105e-10], [-1.0491985472927202e-09, -1.4153847372342263e-12, -2.1883964411995e-13, 4.354826552551192e-11, -1.669364331844935e-10, -6.289871549583526e-16, 5.693698902463563e-16, 1.6428798507631283e-05, -1.4181693629862499e-06, -1.008775772764191e-08, 6.315963334917752e-10], [-1.0491985472927202e-09, -1.4153847372342263e-12, -2.1883964411995e-13, 4.354826552551192e-11, -1.669364331844935e-10, -6.289871549583526e-16, 5.693698902463563e-16, 1.6428798507631283e-05, -1.4181693629862499e-06, -1.008775772764191e-08, 6.315963334917752e-10], [-8.614813814939134e-10, -1.417030739113026e-12, -2.196087553989673e-13, 4.3388274144540206e-11, -1.6633267913423263e-10, -2.059258183050157e-15, 8.143477156173727e-16, 1.5180839334940328e-05, -1.2921806458207924e-06, -8.981542026875155e-09, 5.688290916956787e-10], [-1.0791006339309275e-09, -1.4142151119324475e-12, -2.198412438848922e-13, 4.35410029046021e-11, -1.6581439031922684e-10, -3.6674561096575704e-16, 5.279139686265433e-16, 2.3300077093797946e-05, -2.0401022982570332e-06, -1.60504926433045e-08, 1.0043552822716957e-09]]

[[-1.0440688856087658e-09, -1.4136711599741808e-12, -2.190123003778345e-13, 4.32789639394022e-11, -1.6470089872641474e-10, -6.014438317641512e-16, 5.640199195691471e-16, 1.619493588330908e-05, -1.914349822807939e-06, -1.4932046682339625e-08, 9.370399455457487e-10], [-8.840439452349558e-10, -1.4030469172654453e-12, -2.1921966719099354e-13, 4.321380023096278e-11, -1.650353667275105e-10, -1.816638000609663e-15, 7.666551107891825e-16, 2.2100608234869478e-05, -1.3799101125729544e-06, -9.884424961156149e-09, 6.263603537485471e-10], [-9.686205621992292e-10, -1.3989090124282481e-12, -2.1948954262898902e-13, 4.3031879597905286e-11, -1.6375742997987422e-10, -1.6813439566172776e-15, 7.610158268420531e-16, 1.694475893514914e-05, -1.4456597599975168e-06, -1.0492381364075241e-08, 6.59033265757846e-10], [-3.8275540261164816e-10, -1.3991885384949422e-12, -2.2047516776909667e-13, 4.396434356854794e-11, -1.6555410885527953e-10, -7.410661931218316e-16, 5.877536588400312e-16, 2.1589187877871182e-05, -1.831503701587893e-06, -1.4068625235556352e-08, 8.888823447636437e-10], [-1.0480672565805093e-09, -1.4144663416325306e-12, -2.1684545950204244e-13, 4.3124105651024417e-11, -1.663825318901664e-10, -6.250868237994483e-16, 5.664772274240701e-16, 1.635625571097939e-05, -1.4131181360369743e-06, -1.0057929792203304e-08, 6.248800239173571e-10], [-1.041777754882152e-09, -1.4003030882030433e-12, -2.1762538208781785e-13, 4.346339279180772e-11, -1.6572802624780006e-10, -6.276523099308132e-16, 5.645342160766197e-16, 1.6394007348866134e-05, -1.4110359832335167e-06, -1.001757906845732e-08, 6.254834043564159e-10], [-8.517523994224823e-10, -1.4101675750343208e-12, -2.182198224760693e-13, 4.31375561014113e-11, -1.662498852561435e-10, -2.0419124642977647e-15, 8.127658545137832e-16, 1.504258309670039e-05, -1.280916768702524e-06, -8.922744052816105e-09, 5.649658712904294e-10], [-1.0746696525386707e-09, -1.407898440683025e-12, -2.1905749552878438e-13, 4.31917447731367e-11, -1.6496954595266897e-10, -3.632529480779393e-16, 5.264485759759921e-16, 2.3049058442109092e-05, -2.0222684903776127e-06, -1.5942884997113354e-08, 1.0015817662113798e-09]]
===========================================================>

generation 5

[[-1.0440688856087658e-09, -1.4136711599741808e-12, -2.190123003778345e-13, 4.32789639394022e-11, -1.6470089872641474e-10, -6.014438317641512e-16, 5.640199195691471e-16, 1.619493588330908e-05, -1.914349822807939e-06, -1.4932046682339625e-08, 9.370399455457487e-10], [-1.041777754882152e-09, -1.4003030882030433e-12, -2.1762538208781785e-13, 4.346339279180772e-11, -1.6572802624780006e-10, -6.276523099308132e-16, 5.645342160766197e-16, 1.6394007348866134e-05, -1.4110359832335167e-06, -1.001757906845732e-08, 6.254834043564159e-10], [-9.686205621992292e-10, -1.3989090124282481e-12, -2.1948954262898902e-13, 4.3031879597905286e-11, -1.6375742997987422e-10, -1.6813439566172776e-15, 7.610158268420531e-16, 1.694475893514914e-05, -1.4456597599975168e-06, -1.0492381364075241e-08, 6.59033265757846e-10], [-9.686205621992292e-10, -1.3989090124282481e-12, -2.1948954262898902e-13, 4.3031879597905286e-11, -1.6375742997987422e-10, -1.6813439566172776e-15, 7.610158268420531e-16, 1.694475893514914e-05, -1.4456597599975168e-06, -1.0492381364075241e-08, 6.59033265757846e-10], [-9.686205621992292e-10, -1.3989090124282481e-12, -2.1948954262898902e-13, 4.3031879597905286e-11, -1.6375742997987422e-10, -1.6813439566172776e-15, 7.610158268420531e-16, 1.694475893514914e-05, -1.4456597599975168e-06, -1.0492381364075241e-08, 6.59033265757846e-10], [-9.686205621992292e-10, -1.3989090124282481e-12, -2.1948954262898902e-13, 4.3031879597905286e-11, -1.6375742997987422e-10, -1.6813439566172776e-15, 7.610158268420531e-16, 1.694475893514914e-05, -1.4456597599975168e-06, -1.0492381364075241e-08, 6.59033265757846e-10], [-9.686205621992292e-10, -1.3989090124282481e-12, -2.1948954262898902e-13, 4.3031879597905286e-11, -1.6375742997987422e-10, -1.6813439566172776e-15, 7.610158268420531e-16, 1.694475893514914e-05, -1.4456597599975168e-06, -1.0492381364075241e-08, 6.59033265757846e-10], [-1.041777754882152e-09, -1.4003030882030433e-12, -2.1762538208781785e-13, 4.346339279180772e-11, -1.6572802624780006e-10, -6.276523099308132e-16, 5.645342160766197e-16, 1.6394007348866134e-05, -1.4110359832335167e-06, -1.001757906845732e-08, 6.254834043564159e-10]]

[[-1.0422556339358203e-09, -1.4030913714787004e-12, -2.1791466248210073e-13, 4.3424925023717094e-11, -1.6551379022791055e-10, -6.22185802673551e-16, 5.641271904138184e-16, 1.623645777573875e-05, -1.8093697190713589e-06, -1.3906997738023558e-08, 8.720561611905998e-10], [-1.0435910065550976e-09, -1.4108828766985239e-12, -2.1872301998355162e-13, 4.331743170749282e-11, -1.6491513474630425e-10, -6.069103390214134e-16, 5.644269452319485e-16, 1.6352485456436465e-05, -1.516016086970097e-06, -1.104262801277339e-08, 6.90467188711565e-10], [-9.686205621992292e-10, -1.3989090124282481e-12, -2.1948954262898902e-13, 4.3031879597905286e-11, -1.6375742997987422e-10, -1.6813439566172776e-15, 7.610158268420531e-16, 1.694475893514914e-05, -1.4456597599975168e-06, -1.0492381364075241e-08, 6.59033265757846e-10], [-9.686205621992292e-10, -1.3989090124282481e-12, -2.1948954262898902e-13, 4.3031879597905286e-11, -1.6375742997987422e-10, -1.6813439566172776e-15, 7.610158268420531e-16, 1.694475893514914e-05, -1.4456597599975168e-06, -1.0492381364075241e-08, 6.59033265757846e-10], [-9.686205621992292e-10, -1.3989090124282481e-12, -2.1948954262898902e-13, 4.3031879597905286e-11, -1.6375742997987422e-10, -1.6813439566172776e-15, 7.610158268420531e-16, 1.694475893514914e-05, -1.4456597599975168e-06, -1.0492381364075241e-08, 6.59033265757846e-10], [-9.686205621992292e-10, -1.3989090124282481e-12, -2.1948954262898902e-13, 4.3031879597905286e-11, -1.6375742997987422e-10, -1.6813439566172776e-15, 7.610158268420531e-16, 1.694475893514914e-05, -1.4456597599975168e-06, -1.0492381364075241e-08, 6.59033265757846e-10], [-1.05794926624652e-09, -1.4006112508239437e-12, -2.1721330649728483e-13, 4.355877945528061e-11, -1.66163629621476e-10, -1.9142641359465137e-15, 8.044483928667505e-16, 1.7066503430938113e-05, -1.4533133997680197e-06, -1.0597337150892982e-08, 6.66449514865131e-10], [-9.52449050834861e-10, -1.3986008498073477e-12, -2.1990161821952204e-13, 4.293649293443239e-11, -1.6332182660619824e-10, -3.9473213060157696e-16, 5.211016500519224e-16, 1.627226285307716e-05, -1.4033823434630136e-06, -9.91262328163958e-09, 6.18067155249131e-10]]

[[-1.0358220573208246e-09, -1.401549655653791e-12, -2.1559392843547062e-13, 4.3145739033752494e-11, -1.6415132310246658e-10, -6.178159764948365e-16, 5.598989512259419e-16, 1.6194679645658157e-05, -1.8060035334476696e-06, -1.386551674674232e-08, 8.635416079076999e-10], [-1.0404498046994108e-09, -1.3990045171447078e-12, -2.1868651407851585e-13, 4.2904730976065806e-11, -1.6395699839920637e-10, -6.00187733172407e-16, 5.638356796653738e-16, 1.6192867388153812e-05, -1.5135215671183904e-06, -1.0942252449693427e-08, 6.898634463184487e-10], [-9.656770807846804e-10, -1.388703175402803e-12, -2.1697334351448288e-13, 4.2798605589608996e-11, -1.624069773526074e-10, -1.6715347579087503e-15, 7.538893607172035e-16, 1.6872908276211245e-05, -1.4333813378248528e-06, -1.042839947596968e-08, 6.560259307909578e-10], [-9.628845528397976e-10, -1.3945934483540043e-12, -2.1746755022505498e-13, 4.298598119658078e-11, -1.624968098171974e-10, -1.6667149415745596e-15, 7.591468186007285e-16, 1.6902154116213855e-05, -1.4380676541182446e-06, -1.0448723022419575e-08, 6.57809239679834e-10], [-9.57284615943407e-10, -1.3944198442418794e-12, -2.1847439653237233e-13, 4.265483585046941e-11, -1.6221282420516173e-10, -1.6746829191442205e-15, 7.603606817365568e-16, 1.6942640386684373e-05, -1.437291193590152e-06, -1.0395319065497462e-08, 6.533520474452812e-10], [-9.612850618557311e-10, -1.3864181936856211e-12, -2.1765229877069334e-13, 4.266561367875131e-11, -1.6275593598857888e-10, -1.6642800545808276e-15, 7.604466637030461e-16, 1.6890146377829846e-05, -1.4298362119454972e-06, -1.0449486853051294e-08, 6.533187474522516e-10], [-1.050339812956896e-09, -1.3885504883302402e-12, -2.1597423410228898e-13, 4.3322601590422155e-11, -1.6521812485426018e-10, -1.904157060406907e-15, 7.97740342882708e-16, 1.7055519000098593e-05, -1.4509085177944136e-06, -1.057942884040142e-08, 6.591525189889067e-10], [-9.49050921913771e-10, -1.3890673848587951e-12, -2.180736390520325e-13, 4.248647802374039e-11, -1.6330394454701358e-10, -3.923931502528932e-16, 5.161456847547903e-16, 1.62441208220109e-05, -1.399472265517879e-06, -9.912391973685258e-09, 6.11260198062645e-10]]
===========================================================>

generation 6

[[-9.49050921913771e-10, -1.3890673848587951e-12, -2.180736390520325e-13, 4.248647802374039e-11, -1.6330394454701358e-10, -3.923931502528932e-16, 5.161456847547903e-16, 1.62441208220109e-05, -1.399472265517879e-06, -9.912391973685258e-09, 6.11260198062645e-10], [-9.49050921913771e-10, -1.3890673848587951e-12, -2.180736390520325e-13, 4.248647802374039e-11, -1.6330394454701358e-10, -3.923931502528932e-16, 5.161456847547903e-16, 1.62441208220109e-05, -1.399472265517879e-06, -9.912391973685258e-09, 6.11260198062645e-10], [-9.57284615943407e-10, -1.3944198442418794e-12, -2.1847439653237233e-13, 4.265483585046941e-11, -1.6221282420516173e-10, -1.6746829191442205e-15, 7.603606817365568e-16, 1.6942640386684373e-05, -1.437291193590152e-06, -1.0395319065497462e-08, 6.533520474452812e-10], [-1.0404498046994108e-09, -1.3990045171447078e-12, -2.1868651407851585e-13, 4.2904730976065806e-11, -1.6395699839920637e-10, -6.00187733172407e-16, 5.638356796653738e-16, 1.6192867388153812e-05, -1.5135215671183904e-06, -1.0942252449693427e-08, 6.898634463184487e-10], [-9.57284615943407e-10, -1.3944198442418794e-12, -2.1847439653237233e-13, 4.265483585046941e-11, -1.6221282420516173e-10, -1.6746829191442205e-15, 7.603606817365568e-16, 1.6942640386684373e-05, -1.437291193590152e-06, -1.0395319065497462e-08, 6.533520474452812e-10], [-9.57284615943407e-10, -1.3944198442418794e-12, -2.1847439653237233e-13, 4.265483585046941e-11, -1.6221282420516173e-10, -1.6746829191442205e-15, 7.603606817365568e-16, 1.6942640386684373e-05, -1.437291193590152e-06, -1.0395319065497462e-08, 6.533520474452812e-10], [-9.628845528397976e-10, -1.3945934483540043e-12, -2.1746755022505498e-13, 4.298598119658078e-11, -1.624968098171974e-10, -1.6667149415745596e-15, 7.591468186007285e-16, 1.6902154116213855e-05, -1.4380676541182446e-06, -1.0448723022419575e-08, 6.57809239679834e-10], [-9.49050921913771e-10, -1.3890673848587951e-12, -2.180736390520325e-13, 4.248647802374039e-11, -1.6330394454701358e-10, -3.923931502528932e-16, 5.161456847547903e-16, 1.62441208220109e-05, -1.399472265517879e-06, -9.912391973685258e-09, 6.11260198062645e-10]]

[[-9.49050921913771e-10, -1.3890673848587951e-12, -2.180736390520325e-13, 4.248647802374039e-11, -1.6330394454701358e-10, -3.923931502528932e-16, 5.161456847547903e-16, 1.62441208220109e-05, -1.399472265517879e-06, -9.912391973685258e-09, 6.11260198062645e-10], [-9.49050921913771e-10, -1.3890673848587951e-12, -2.180736390520325e-13, 4.248647802374039e-11, -1.6330394454701358e-10, -3.923931502528932e-16, 5.161456847547903e-16, 1.62441208220109e-05, -1.399472265517879e-06, -9.912391973685258e-09, 6.11260198062645e-10], [-1.0241716781084867e-09, -1.3981071478606774e-12, -2.186449957903964e-13, 4.2855818389564655e-11, -1.6361560690173043e-10, -1.4643693381830398e-15, 7.218943605527984e-16, 1.679588547676233e-05, -1.452211951769475e-06, -1.0502371679673146e-08, 6.60498513193262e-10], [-9.735627425343312e-10, -1.3953172135259097e-12, -2.185159148204918e-13, 4.2703748436970577e-11, -1.625542157026377e-10, -8.105013141335878e-16, 6.023020008491322e-16, 1.633962229807586e-05, -1.4986008089390672e-06, -1.0835199835517744e-08, 6.827169805704679e-10], [-9.572846159434067e-10, -1.3944198442418792e-12, -2.1847439653237233e-13, 4.265483585046941e-11, -1.622128242051617e-10, -1.6746829191442201e-15, 7.603606817365567e-16, 1.6942640386684373e-05, -1.4372911935901517e-06, -1.039531906549746e-08, 6.533520474452811e-10], [-9.572846159434067e-10, -1.3944198442418792e-12, -2.1847439653237233e-13, 4.265483585046941e-11, -1.622128242051617e-10, -1.6746829191442201e-15, 7.603606817365567e-16, 1.6942640386684373e-05, -1.4372911935901517e-06, -1.039531906549746e-08, 6.533520474452811e-10], [-9.478741516167045e-10, -1.3885973052813047e-12, -2.1812519654498463e-13, 4.2443987335631666e-11, -1.6337260419109816e-10, -1.7751162745977309e-15, 7.798179293158026e-16, 1.6958130312140984e-05, -1.4413508056748759e-06, -1.0494346507021699e-08, 6.617689759070713e-10], [-9.64061323136864e-10, -1.3950635279314947e-12, -2.1741599273210282e-13, 4.3028471884689506e-11, -1.624281501731128e-10, -2.8399181722972203e-16, 4.954745740397162e-16, 1.618814462608377e-05, -1.3961891139612478e-06, -9.866768489083134e-09, 6.073004618354076e-10]]

[[-9.47040025860448e-10, -1.3743303700513832e-12, -2.1669393491070293e-13, 4.224097538293446e-11, -1.6164104271049057e-10, -3.8955494346093226e-16, 5.139599464961268e-16, 1.619342343603312e-05, -1.3861082011676917e-06, -9.881663532962228e-09, 6.071379337187223e-10], [-9.469781143647666e-10, -1.3859827250725438e-12, -2.1710498566161664e-13, 4.220377181699824e-11, -1.6292850506625984e-10, -3.9160811979328074e-16, 5.138091080092034e-16, 1.6139378144120135e-05, -1.38681666736405e-06, -9.831649836777472e-09, 6.064087738192593e-10], [-1.0183797828292487e-09, -1.392700623757269e-12, -2.1862131254464873e-13, 4.2467104547589965e-11, -1.620788725128227e-10, -1.4564634122903742e-15, 7.165466109360014e-16, 1.67113254341491e-05, -1.4500441371687694e-06, -1.0415422860227275e-08, 6.5956913713226e-10], [-9.63939198578502e-10, -1.394633348256055e-12, -2.1726978584014777e-13, 4.254308391674057e-11, -1.617205719256313e-10, -8.020891953306963e-16, 5.994670064896271e-16, 1.6304733286955444e-05, -1.487918574790292e-06, -1.0818540068730271e-08, 6.761091655074925e-10], [-9.56749945544235e-10, -1.3856105915775379e-12, -2.168015156711364e-13, 4.239945361499578e-11, -1.6133493818942262e-10, -1.6591533278334676e-15, 7.562911450762798e-16, 1.692560971574469e-05, -1.4357827898938876e-06, -1.0305363513960663e-08, 6.474987316298878e-10], [-9.508567494376627e-10, -1.3881197962956817e-12, -2.1802489516698287e-13, 4.232166129064019e-11, -1.6152254479761655e-10, -1.6593226519910132e-15, 7.537493362469614e-16, 1.6773550301848808e-05, -1.4305625583210478e-06, -1.0377143171318972e-08, 6.496515559751305e-10], [-9.419645315585262e-10, -1.374030210302719e-12, -2.1721265818803367e-13, 4.2200754213950695e-11, -1.6278723368054645e-10, -1.7628783629287554e-15, 7.727575478341451e-16, 1.6886292095470767e-05, -1.4375729029131985e-06, -1.0456842725288744e-08, 6.560990275648667e-10], [-9.603067077001705e-10, -1.3791461846063557e-12, -2.1567184562282486e-13, 4.2747979507442294e-11, -1.6110812599458845e-10, -2.834970359752706e-16, 4.919820288847542e-16, 1.612484972171754e-05, -1.39087157490499e-06, -9.840441542334375e-09, 6.012991321721122e-10]]
===========================================================>

generation 7

[[-9.47040025860448e-10, -1.3743303700513832e-12, -2.1669393491070293e-13, 4.224097538293446e-11, -1.6164104271049057e-10, -3.8955494346093226e-16, 5.139599464961268e-16, 1.619342343603312e-05, -1.3861082011676917e-06, -9.881663532962228e-09, 6.071379337187223e-10], [-9.47040025860448e-10, -1.3743303700513832e-12, -2.1669393491070293e-13, 4.224097538293446e-11, -1.6164104271049057e-10, -3.8955494346093226e-16, 5.139599464961268e-16, 1.619342343603312e-05, -1.3861082011676917e-06, -9.881663532962228e-09, 6.071379337187223e-10], [-9.47040025860448e-10, -1.3743303700513832e-12, -2.1669393491070293e-13, 4.224097538293446e-11, -1.6164104271049057e-10, -3.8955494346093226e-16, 5.139599464961268e-16, 1.619342343603312e-05, -1.3861082011676917e-06, -9.881663532962228e-09, 6.071379337187223e-10], [-9.47040025860448e-10, -1.3743303700513832e-12, -2.1669393491070293e-13, 4.224097538293446e-11, -1.6164104271049057e-10, -3.8955494346093226e-16, 5.139599464961268e-16, 1.619342343603312e-05, -1.3861082011676917e-06, -9.881663532962228e-09, 6.071379337187223e-10], [-9.63939198578502e-10, -1.394633348256055e-12, -2.1726978584014777e-13, 4.254308391674057e-11, -1.617205719256313e-10, -8.020891953306963e-16, 5.994670064896271e-16, 1.6304733286955444e-05, -1.487918574790292e-06, -1.0818540068730271e-08, 6.761091655074925e-10], [-1.0183797828292487e-09, -1.392700623757269e-12, -2.1862131254464873e-13, 4.2467104547589965e-11, -1.620788725128227e-10, -1.4564634122903742e-15, 7.165466109360014e-16, 1.67113254341491e-05, -1.4500441371687694e-06, -1.0415422860227275e-08, 6.5956913713226e-10], [-9.47040025860448e-10, -1.3743303700513832e-12, -2.1669393491070293e-13, 4.224097538293446e-11, -1.6164104271049057e-10, -3.8955494346093226e-16, 5.139599464961268e-16, 1.619342343603312e-05, -1.3861082011676917e-06, -9.881663532962228e-09, 6.071379337187223e-10], [-9.603067077001705e-10, -1.3791461846063557e-12, -2.1567184562282486e-13, 4.2747979507442294e-11, -1.6110812599458845e-10, -2.834970359752706e-16, 4.919820288847542e-16, 1.612484972171754e-05, -1.39087157490499e-06, -9.840441542334375e-09, 6.012991321721122e-10]]

[[-9.47040025860448e-10, -1.3743303700513832e-12, -2.1669393491070295e-13, 4.224097538293446e-11, -1.6164104271049057e-10, -3.8955494346093226e-16, 5.139599464961268e-16, 1.619342343603312e-05, -1.3861082011676917e-06, -9.881663532962228e-09, 6.071379337187223e-10], [-9.47040025860448e-10, -1.3743303700513832e-12, -2.1669393491070295e-13, 4.224097538293446e-11, -1.6164104271049057e-10, -3.8955494346093226e-16, 5.139599464961268e-16, 1.619342343603312e-05, -1.3861082011676917e-06, -9.881663532962228e-09, 6.071379337187223e-10], [-9.470400258604478e-10, -1.374330370051383e-12, -2.166939349107029e-13, 4.224097538293446e-11, -1.6164104271049054e-10, -3.895549434609322e-16, 5.139599464961268e-16, 1.619342343603312e-05, -1.3861082011676915e-06, -9.881663532962227e-09, 6.071379337187223e-10], [-9.470400258604478e-10, -1.374330370051383e-12, -2.166939349107029e-13, 4.224097538293446e-11, -1.6164104271049054e-10, -3.895549434609322e-16, 5.139599464961268e-16, 1.619342343603312e-05, -1.3861082011676915e-06, -9.881663532962227e-09, 6.071379337187223e-10], [-1.0210761771900516e-09, -1.3926048976090061e-12, -2.1868825247622085e-13, 4.2463341356115546e-11, -1.6209661882646119e-10, -1.4888739929766133e-15, 7.223454609949976e-16, 1.673146358637374e-05, -1.489794462447024e-06, -1.0838506110291172e-08, 6.769283785973647e-10], [-9.612428042176992e-10, -1.3947290744043182e-12, -2.1720284590857567e-13, 4.2546847108215e-11, -1.6170282561199285e-10, -7.696786146444575e-16, 5.936681564306311e-16, 1.628459513473081e-05, -1.4481682495120376e-06, -1.0395456818666378e-08, 6.58749924042388e-10], [-9.618225197141646e-10, -1.3796964254011368e-12, -2.1555506470950705e-13, 4.280590830624505e-11, -1.6104723649937166e-10, -2.713791716676742e-16, 5.164710786662025e-16, 1.620125846677099e-05, -1.385563952106369e-06, -9.886373436266563e-09, 6.0780505799581e-10], [-9.455242138464544e-10, -1.3737801292566025e-12, -2.1681071582402082e-13, 4.218304658413171e-11, -1.617019322057074e-10, -4.016728077685288e-16, 4.894708967146787e-16, 1.6117014690979676e-05, -1.3914158239663132e-06, -9.835731639030042e-09, 6.006320078950246e-10]]

[[-9.399991189230777e-10, -1.3626356326255562e-12, -2.1574461629294634e-13, 4.1965886718171625e-11, -1.6049694202903494e-10, -3.8563077762848535e-16, 5.138119789518717e-16, 1.6146915844170427e-05, -1.372198033442555e-06, -9.855022389550328e-09, 6.015960104538493e-10], [-9.434689668932287e-10, -1.3616969800324687e-12, -2.1656160751075533e-13, 4.214385624990949e-11, -1.6125341800144987e-10, -3.8805768590809054e-16, 5.13067632252289e-16, 1.6109291424086687e-05, -1.376601691662083e-06, -9.805238770127402e-09, 6.009333826632437e-10], [-9.41369117162817e-10, -1.3642963661394332e-12, -2.1435337492706507e-13, 4.208870541407639e-11, -1.6152864456562944e-10, -3.848884737255659e-16, 5.107885010343616e-16, 1.615692508339958e-05, -1.3749035883303834e-06, -9.846044998496424e-09, 6.00205260305529e-10], [-9.468102308861668e-10, -1.3676028859823312e-12, -2.1500988566205867e-13, 4.208773629578577e-11, -1.5978566060352891e-10, -3.8580426156766783e-16, 5.098465345891909e-16, 1.614093248640677e-05, -1.372208387454637e-06, -9.823117993738346e-09, 6.03559148013782e-10], [-1.0126809978750511e-09, -1.3914927783583902e-12, -2.1763363672886974e-13, 4.2018341404999777e-11, -1.602739295228514e-10, -1.4765394823455547e-15, 7.204242786723493e-16, 1.6627936626924093e-05, -1.4742720082226614e-06, -1.0781153757605976e-08, 6.768108679533552e-10], [-9.52795844694028e-10, -1.3822319017467477e-12, -2.151711544865159e-13, 4.218163483515754e-11, -1.6073194082122008e-10, -7.670747121280684e-16, 5.905562023719376e-16, 1.62494912269105e-05, -1.4462693315697049e-06, -1.0364380674070434e-08, 6.514861007275261e-10], [-9.594037744986264e-10, -1.367327527481968e-12, -2.1426593461306472e-13, 4.243270440416919e-11, -1.6030044108032686e-10, -2.7036293092717715e-16, 5.138627644403457e-16, 1.618882116399112e-05, -1.3815111898814257e-06, -9.788838067255017e-09, 6.035717757279403e-10], [-9.444041689523167e-10, -1.3680535679560866e-12, -2.1536419933922254e-13, 4.181581355438065e-11, -1.612310251306809e-10, -3.9869763808429377e-16, 4.890038596979376e-16, 1.601793661288649e-05, -1.3902857997901038e-06, -9.784282720458184e-09, 5.957561073097904e-10]]
===========================================================>

generation 8

[[-9.468102308861668e-10, -1.3676028859823312e-12, -2.1500988566205867e-13, 4.208773629578577e-11, -1.5978566060352891e-10, -3.8580426156766783e-16, 5.098465345891909e-16, 1.614093248640677e-05, -1.372208387454637e-06, -9.823117993738346e-09, 6.03559148013782e-10], [-9.434689668932287e-10, -1.3616969800324687e-12, -2.1656160751075533e-13, 4.214385624990949e-11, -1.6125341800144987e-10, -3.8805768590809054e-16, 5.13067632252289e-16, 1.6109291424086687e-05, -1.376601691662083e-06, -9.805238770127402e-09, 6.009333826632437e-10], [-9.52795844694028e-10, -1.3822319017467477e-12, -2.151711544865159e-13, 4.218163483515754e-11, -1.6073194082122008e-10, -7.670747121280684e-16, 5.905562023719376e-16, 1.62494912269105e-05, -1.4462693315697049e-06, -1.0364380674070434e-08, 6.514861007275261e-10], [-9.434689668932287e-10, -1.3616969800324687e-12, -2.1656160751075533e-13, 4.214385624990949e-11, -1.6125341800144987e-10, -3.8805768590809054e-16, 5.13067632252289e-16, 1.6109291424086687e-05, -1.376601691662083e-06, -9.805238770127402e-09, 6.009333826632437e-10], [-9.41369117162817e-10, -1.3642963661394332e-12, -2.1435337492706507e-13, 4.208870541407639e-11, -1.6152864456562944e-10, -3.848884737255659e-16, 5.107885010343616e-16, 1.615692508339958e-05, -1.3749035883303834e-06, -9.846044998496424e-09, 6.00205260305529e-10], [-9.52795844694028e-10, -1.3822319017467477e-12, -2.151711544865159e-13, 4.218163483515754e-11, -1.6073194082122008e-10, -7.670747121280684e-16, 5.905562023719376e-16, 1.62494912269105e-05, -1.4462693315697049e-06, -1.0364380674070434e-08, 6.514861007275261e-10], [-9.52795844694028e-10, -1.3822319017467477e-12, -2.151711544865159e-13, 4.218163483515754e-11, -1.6073194082122008e-10, -7.670747121280684e-16, 5.905562023719376e-16, 1.62494912269105e-05, -1.4462693315697049e-06, -1.0364380674070434e-08, 6.514861007275261e-10], [-9.41369117162817e-10, -1.3642963661394332e-12, -2.1435337492706507e-13, 4.208870541407639e-11, -1.6152864456562944e-10, -3.848884737255659e-16, 5.107885010343616e-16, 1.615692508339958e-05, -1.3749035883303834e-06, -9.846044998496424e-09, 6.00205260305529e-10]]

[[-9.435341459877075e-10, -1.3618121884095088e-12, -2.165313375814128e-13, 4.2142761500198094e-11, -1.6122478599322989e-10, -3.8801372764609875e-16, 5.099093695610316e-16, 1.614031525418725e-05, -1.3722940890306323e-06, -9.82276921806321e-09, 6.035079263778313e-10], [-9.46745051791688e-10, -1.367487677605291e-12, -2.150401555914012e-13, 4.208883104549717e-11, -1.598142926117489e-10, -3.858482198296596e-16, 5.130047972804484e-16, 1.6109908656306208e-05, -1.3765159900860878e-06, -9.805587545802538e-09, 6.009846042991945e-10], [-9.425730216216136e-10, -1.3597243835853147e-12, -2.166951752318167e-13, 4.2140227217178045e-11, -1.613035114007482e-10, -8.034833067034499e-16, 5.979997991988381e-16, 1.626295890099224e-05, -1.452961645320666e-06, -1.0418092168495366e-08, 6.563422240395638e-10], [-9.536917899656432e-10, -1.3842044981939017e-12, -2.1503758676545459e-13, 4.2185263867888986e-11, -1.6068184742192177e-10, -3.51649091332709e-16, 5.056240354253885e-16, 1.6095823750004946e-05, -1.369909377911122e-06, -9.75152727570247e-09, 5.96077259351206e-10], [-9.53827165616727e-10, -1.3838506760704646e-12, -2.1524496329726364e-13, 4.219002219330828e-11, -1.6066003421116416e-10, -8.015689855721037e-16, 5.035890557758364e-16, 1.614857051291773e-05, -1.3684624629980751e-06, -9.799262538186541e-09, 5.955769007409615e-10], [-9.403377962401182e-10, -1.3626775918157163e-12, -2.1427956611631734e-13, 4.208031805592564e-11, -1.6160055117568536e-10, -3.5039420028153055e-16, 5.977556476304628e-16, 1.625784579739235e-05, -1.4527104569020131e-06, -1.0411163134380317e-08, 6.561144602920936e-10], [-9.402026765152507e-10, -1.3624655061919023e-12, -2.142698959680817e-13, 4.2079219176323034e-11, -1.6065061328199163e-10, -8.060882934176791e-16, 5.986988914269564e-16, 1.6258940381279908e-05, -1.4535543485205993e-06, -1.0417292393495074e-08, 6.567208502694397e-10], [-9.539622853415942e-10, -1.3840627616942789e-12, -2.1525463344549932e-13, 4.219112107291089e-11, -1.616099721048579e-10, -3.458748924359552e-16, 5.026458119793427e-16, 1.614747592903017e-05, -1.367618571379489e-06, -9.793133279071784e-09, 5.949705107636156e-10]]

[[-9.3630019366714e-10, -1.3590603097500621e-12, -2.1513546641469585e-13, 4.17790471031199e-11, -1.5979164581877303e-10, -3.8751941699634637e-16, 5.066815423318194e-16, 1.6001400198081408e-05, -1.3674538880595914e-06, -9.810289847123693e-09, 5.994393263289864e-10], [-9.362767917480456e-10, -1.355328937266719e-12, -2.1501689066701269e-13, 4.20398886704455e-11, -1.591814304005762e-10, -3.852237570739641e-16, 5.104273651079376e-16, 1.6047981503255628e-05, -1.3682405473227122e-06, -9.740984788769633e-09, 5.989994340581157e-10], [-9.42182886789556e-10, -1.3480991856125227e-12, -2.1474118921945117e-13, 4.17349201216082e-11, -1.602740806904261e-10, -7.959053892848506e-16, 5.972863313317921e-16, 1.616462295971973e-05, -1.452629785052891e-06, -1.0387806459100302e-08, 6.521852612861765e-10], [-9.49076554535557e-10, -1.3755883961794695e-12, -2.1394185210272945e-13, 4.188667207090446e-11, -1.5885342010963954e-10, -3.5083292878406305e-16, 5.049223464761997e-16, 1.592998477399128e-05, -1.366571648538149e-06, -9.711512387988187e-09, 5.899755945995297e-10], [-9.422315147410434e-10, -1.372757042511142e-12, -2.1506453260390418e-13, 4.1748428841066114e-11, -1.5919527048050136e-10, -7.98410757354469e-16, 5.010916215328268e-16, 1.614555843705262e-05, -1.3647871537046644e-06, -9.7939063879228e-09, 5.890487988129341e-10], [-9.339914536984205e-10, -1.3561033194868424e-12, -2.1364761384756468e-13, 4.194732249280496e-11, -1.608430075498661e-10, -3.4689966707740824e-16, 5.96159661780081e-16, 1.6114011534139887e-05, -1.4498982466722664e-06, -1.0327243928190309e-08, 6.518229092042062e-10], [-9.395675641792626e-10, -1.347520330319335e-12, -2.1337816996672472e-13, 4.159906938720185e-11, -1.5984901520728828e-10, -8.006397311148932e-16, 5.927540439305444e-16, 1.6196968249881015e-05, -1.4488301493078825e-06, -1.0316880527122972e-08, 6.555969956802712e-10], [-9.4712133648348e-10, -1.3802601540721509e-12, -2.1336505296433925e-13, 4.178418318011017e-11, -1.6066702343624479e-10, -3.4549890576447543e-16, 4.975237945052837e-16, 1.6078242153484924e-05, -1.3673011412792355e-06, -9.780608321176787e-09, 5.943010445124617e-10]]
===========================================================>

generation 9

[[-9.362767917480456e-10, -1.355328937266719e-12, -2.1501689066701269e-13, 4.20398886704455e-11, -1.591814304005762e-10, -3.852237570739641e-16, 5.104273651079376e-16, 1.6047981503255628e-05, -1.3682405473227122e-06, -9.740984788769633e-09, 5.989994340581157e-10], [-9.42182886789556e-10, -1.3480991856125227e-12, -2.1474118921945117e-13, 4.17349201216082e-11, -1.602740806904261e-10, -7.959053892848506e-16, 5.972863313317921e-16, 1.616462295971973e-05, -1.452629785052891e-06, -1.0387806459100302e-08, 6.521852612861765e-10], [-9.362767917480456e-10, -1.355328937266719e-12, -2.1501689066701269e-13, 4.20398886704455e-11, -1.591814304005762e-10, -3.852237570739641e-16, 5.104273651079376e-16, 1.6047981503255628e-05, -1.3682405473227122e-06, -9.740984788769633e-09, 5.989994340581157e-10], [-9.3630019366714e-10, -1.3590603097500621e-12, -2.1513546641469585e-13, 4.17790471031199e-11, -1.5979164581877303e-10, -3.8751941699634637e-16, 5.066815423318194e-16, 1.6001400198081408e-05, -1.3674538880595914e-06, -9.810289847123693e-09, 5.994393263289864e-10], [-9.395675641792626e-10, -1.347520330319335e-12, -2.1337816996672472e-13, 4.159906938720185e-11, -1.5984901520728828e-10, -8.006397311148932e-16, 5.927540439305444e-16, 1.6196968249881015e-05, -1.4488301493078825e-06, -1.0316880527122972e-08, 6.555969956802712e-10], [-9.362767917480456e-10, -1.355328937266719e-12, -2.1501689066701269e-13, 4.20398886704455e-11, -1.591814304005762e-10, -3.852237570739641e-16, 5.104273651079376e-16, 1.6047981503255628e-05, -1.3682405473227122e-06, -9.740984788769633e-09, 5.989994340581157e-10], [-9.4712133648348e-10, -1.3802601540721509e-12, -2.1336505296433925e-13, 4.178418318011017e-11, -1.6066702343624479e-10, -3.4549890576447543e-16, 4.975237945052837e-16, 1.6078242153484924e-05, -1.3673011412792355e-06, -9.780608321176787e-09, 5.943010445124617e-10], [-9.4712133648348e-10, -1.3802601540721509e-12, -2.1336505296433925e-13, 4.178418318011017e-11, -1.6066702343624479e-10, -3.4549890576447543e-16, 4.975237945052837e-16, 1.6078242153484924e-05, -1.3673011412792355e-06, -9.780608321176787e-09, 5.943010445124617e-10]]

[[-9.451620551753278e-10, -1.344452334789131e-12, -2.1460211915188298e-13, 4.1581087063900013e-11, -1.6082523829580605e-10, -1.7806662081038366e-16, 4.666137311626312e-16, 1.5989144905279147e-05, -1.3256727004834522e-06, -9.41471325776013e-09, 5.721712956798282e-10], [-9.332976233622737e-10, -1.3589757880901105e-12, -2.1515596073458085e-13, 4.21937217281537e-11, -1.5863027279519623e-10, -1.003062525548431e-15, 6.410999652770985e-16, 1.6223459557696212e-05, -1.495197631892151e-06, -1.0714077990109803e-08, 6.790133996644641e-10], [-9.362945476798408e-10, -1.3581600723992296e-12, -2.1510685862561991e-13, 4.184197818882748e-11, -1.596444241961752e-10, -3.869655621302983e-16, 5.075852659851704e-16, 1.603674321735532e-05, -1.3680507565542481e-06, -9.757705446492885e-09, 5.991055632248895e-10], [-9.36282437735345e-10, -1.3562291746175514e-12, -2.1504549845608862e-13, 4.197695758473792e-11, -1.59328652023174e-10, -3.857776119400122e-16, 5.095236414545867e-16, 1.6012638483981718e-05, -1.3676436788280557e-06, -9.793569189400441e-09, 5.993331971622124e-10], [-9.364199606032434e-10, -1.3549892148031596e-12, -2.1494559623035594e-13, 4.202071031841714e-11, -1.5921047444859898e-10, -4.032969087966783e-16, 5.140090823508126e-16, 1.619048640940136e-05, -1.4453240055990042e-06, -1.0291825517912615e-08, 6.531346533962644e-10], [-9.394243953240648e-10, -1.3478600527828944e-12, -2.1344946440338147e-13, 4.161824773923021e-11, -1.598199711592655e-10, -7.82566579392179e-16, 5.891723266876693e-16, 1.6054463343735283e-05, -1.3717466910315905e-06, -9.76603979797999e-09, 6.014617763421225e-10], [-9.4712133648348e-10, -1.3802601540721509e-12, -2.1336505296433925e-13, 4.178418318011017e-11, -1.6066702343624479e-10, -3.4549890576447543e-16, 4.975237945052837e-16, 1.6078242153484924e-05, -1.3673011412792355e-06, -9.780608321176789e-09, 5.943010445124618e-10], [-9.4712133648348e-10, -1.3802601540721509e-12, -2.1336505296433925e-13, 4.178418318011017e-11, -1.6066702343624479e-10, -3.4549890576447543e-16, 4.975237945052837e-16, 1.6078242153484924e-05, -1.3673011412792355e-06, -9.780608321176789e-09, 5.943010445124618e-10]]

[[-9.409215333883902e-10, -1.3330027425096904e-12, -2.1439289025301e-13, 4.130550895499254e-11, -1.6001791503705213e-10, -1.7727415343670506e-16, 4.642333480842322e-16, 1.5885986108164696e-05, -1.322964628294778e-06, -9.34314429983351e-09, 5.699385244033649e-10], [-9.310231159141975e-10, -1.3504200323483446e-12, -2.1450453596218783e-13, 4.172360593171709e-11, -1.583660890476939e-10, -1.000021069389554e-15, 6.371639213637392e-16, 1.6066330954143368e-05, -1.4808176397071834e-06, -1.0655813264670442e-08, 6.747288918201637e-10], [-9.331877803303761e-10, -1.3568494192216911e-12, -2.1432852409580128e-13, 4.1661020921675447e-11, -1.5914074593502766e-10, -3.851657302510151e-16, 5.072602810063726e-16, 1.6015432333421228e-05, -1.3542407485256167e-06, -9.67456700371354e-09, 5.92294124661154e-10], [-9.331715476775747e-10, -1.3436397555637293e-12, -2.1487389030486308e-13, 4.183520489841587e-11, -1.592742024050013e-10, -3.8552984805142807e-16, 5.070286732226782e-16, 1.593451519797234e-05, -1.3639913719472616e-06, -9.73724289195489e-09, 5.925476884813143e-10], [-9.309580969507665e-10, -1.3530666343397269e-12, -2.1355164571004462e-13, 4.178941451842671e-11, -1.5906071511678642e-10, -4.022950881020319e-16, 5.086567098677527e-16, 1.6000766054867492e-05, -1.443568272124901e-06, -1.0251235369643341e-08, 6.51990141458504e-10], [-9.311533204388948e-10, -1.338485854943945e-12, -2.13193816453592e-13, 4.139247054679281e-11, -1.579898154823986e-10, -7.801852504038948e-16, 5.890991330670993e-16, 1.595252040918466e-05, -1.3692131556977033e-06, -9.687242192021422e-09, 5.976331405339314e-10], [-9.391830868651757e-10, -1.3771574984798817e-12, -2.1177598135101964e-13, 4.155969321328822e-11, -1.5936420666997692e-10, -3.4513243806519705e-16, 4.939666554949066e-16, 1.5968084888295985e-05, -1.3543773068690092e-06, -9.757245321451994e-09, 5.940744719400937e-10], [-9.469014337616872e-10, -1.3697801991952205e-12, -2.1095316372253733e-13, 4.136210345776431e-11, -1.604970581358673e-10, -3.4399788946489287e-16, 4.973745166044698e-16, 1.6024819968704193e-05, -1.3504670073652972e-06, -9.778360402887617e-09, 5.923622945889718e-10]]
===========================================================>


