best vector 
[-3.548330684715398e-10, -1.3864142816932345e-12, -2.2080734329857315e-13, 4.195989695157215e-11, -1.5415565681148144e-10, -4.873442356206607e-16, 5.575771086185493e-16, 1.5807498674479656e-05, -1.3678338314604715e-06, -9.533950786224575e-09, 6.00148832658105e-10]
===========================================================>



generation 1

[[-3.9529296214350175e-10, -1.4148840859108847e-12, -2.2472261396433614e-13, 4.2876938958029136e-11, -1.5617050257381473e-10, -7.112726828302753e-16, 5.744542246797935e-16, 1.6253943886644902e-05, -1.4047688741068048e-06, -9.793029387578947e-09, 6.200694025323012e-10], [-2.1111130023301896e-10, -1.4462991622494842e-12, -2.162075940978131e-13, 4.143533969765754e-11, -1.6748765069681543e-10, -1.6427748557399253e-15, 8.3356898263477515e-16, 2.1060681292073302e-05, -1.8847244454481266e-06, -1.547710353924032e-08, 9.250883147660298e-10], [0.0, -1.45799022e-12, -2.28980078e-13, 4.62010753e-11, -1.75214813e-10, -1.8366977e-15, 8.5294406e-16, 2.29423303e-05, -2.04721003e-06, -1.59792834e-08, 9.98214034e-10], [-3.9529296214350175e-10, -1.4148840859108847e-12, -2.2472261396433614e-13, 4.2876938958029136e-11, -1.5617050257381473e-10, -7.112726828302753e-16, 5.744542246797935e-16, 1.6253943886644902e-05, -1.4047688741068048e-06, -9.793029387578947e-09, 6.200694025323012e-10], [0.0, -1.45799022e-12, -2.28980078e-13, 4.62010753e-11, -1.75214813e-10, -1.8366977e-15, 8.5294406e-16, 2.29423303e-05, -2.04721003e-06, -1.59792834e-08, 9.98214034e-10], [-3.9442022023205665e-10, -1.406472813309731e-12, -2.2359764271341176e-13, 4.281756200990059e-11, -1.5556406347525313e-10, -7.068215082799723e-16, 5.720442945231675e-16, 1.618615600000024e-05, -1.404542857548178e-06, -9.72042230169304e-09, 6.200111377668741e-10], [-3.9442022023205665e-10, -1.406472813309731e-12, -2.2359764271341176e-13, 4.281756200990059e-11, -1.5556406347525313e-10, -7.068215082799723e-16, 5.720442945231675e-16, 1.618615600000024e-05, -1.404542857548178e-06, -9.72042230169304e-09, 6.200111377668741e-10], [-3.9442022023205665e-10, -1.406472813309731e-12, -2.2359764271341176e-13, 4.281756200990059e-11, -1.5556406347525313e-10, -7.068215082799723e-16, 5.720442945231675e-16, 1.618615600000024e-05, -1.404542857548178e-06, -9.72042230169304e-09, 6.200111377668741e-10]]

[[-1.9915512051014605e-10, -1.44833847655915e-12, -2.156548403284533e-13, 4.134175806924472e-11, -1.682223050348501e-10, -1.7032434565551762e-15, 8.503894553290883e-16, 1.5941913819678248e-05, -1.3736124874696812e-06, -9.424046876451265e-09, 6.002690548988102e-10], [-4.0724914186637476e-10, -1.4128447716012193e-12, -2.25275367733696e-13, 4.2970520586441965e-11, -1.5543584823578007e-10, -6.508040820150248e-16, 5.576337519854804e-16, 2.137271135903996e-05, -1.9158808320852506e-06, -1.5846086050368003e-08, 9.44888662399521e-10], [-3.45585440100787e-10, -1.4203046203387984e-12, -2.252579839498053e-13, 4.3294944326997787e-11, -1.5856529724752875e-10, -8.527932617574515e-16, 8.179243633355656e-16, 2.2101275318223342e-05, -1.9664239776894725e-06, -1.5201370846189796e-08, 9.506628899014838e-10], [-4.970752204271475e-11, -1.452569685572086e-12, -2.284447080145308e-13, 4.578306993103135e-11, -1.7282001832628592e-10, -1.6951771210728238e-15, 6.094739213442279e-16, 1.7094998868421555e-05, -1.4855549264173318e-06, -1.057094194138915e-08, 6.676205466308171e-10], [-4.811358708169922e-10, -1.3951464025213411e-12, -2.2241428203952638e-13, 4.207367632361117e-11, -1.5124372835521927e-10, -2.0851077561269052e-15, 9.147015578740898e-16, 2.442771573370065e-05, -2.188504261659706e-06, -1.735533154413701e-08, 1.0813642086555151e-09], [8.671565058493556e-11, -1.4693166307883895e-12, -2.3016343867388527e-13, 4.694496098628941e-11, -1.795351481200338e-10, -4.584114521530668e-16, 5.102867966490775e-16, 1.4700770566299587e-05, -1.2632486258884712e-06, -8.344374157556028e-09, 5.368609631113585e-10], [-3.9442022023205665e-10, -1.4064728133097312e-12, -2.2359764271341176e-13, 4.281756200990059e-11, -1.5556406347525313e-10, -7.068215082799723e-16, 5.720442945231675e-16, 1.618615600000024e-05, -1.404542857548178e-06, -9.72042230169304e-09, 6.200111377668741e-10], [-3.9442022023205665e-10, -1.4064728133097312e-12, -2.2359764271341176e-13, 4.281756200990059e-11, -1.5556406347525313e-10, -7.068215082799723e-16, 5.720442945231675e-16, 1.618615600000024e-05, -1.404542857548178e-06, -9.72042230169304e-09, 6.200111377668741e-10]]

[[-1.988374045523915e-10, -1.44210687222226e-12, -2.1534457545010675e-13, 4.1226771736157903e-11, -1.6635419925880269e-10, -1.7003989577792853e-15, 8.460515386410452e-16, 1.59139599017223e-05, -1.372737432281736e-06, -9.382891520851081e-09, 5.964407248964228e-10], [-4.045481220325473e-10, -1.404074321957798e-12, -2.241773587972121e-13, 4.263025943359567e-11, -1.5507137404841498e-10, -6.500709159498111e-16, 5.537856379786746e-16, 2.1172491893405287e-05, -1.9110791297580278e-06, -1.580150511333953e-08, 9.430661823280817e-10], [-3.435543251760286e-10, -1.4190309959298809e-12, -2.244502194667274e-13, 4.3058276332052746e-11, -1.5851368505952744e-10, -8.516633655664095e-16, 8.145161181653223e-16, 2.2007558708977162e-05, -1.9570552657816324e-06, -1.5106577792958246e-08, 9.454709905440267e-10], [-4.935048930092374e-11, -1.439026159700558e-12, -2.2751250578164264e-13, 4.547438300278834e-11, -1.7173672804048022e-10, -1.689444866004091e-15, 6.052046514503701e-16, 1.704894285998154e-05, -1.4754091277738966e-06, -1.0565717903805492e-08, 6.656901485674849e-10], [-4.774279820239434e-10, -1.394505114428475e-12, -2.2046641831993343e-13, 4.197962217146387e-11, -1.4992307027510925e-10, -2.082530405286706e-15, 9.105659641101026e-16, 2.4312777542088786e-05, -2.170784455455797e-06, -1.7208391643853877e-08, 1.0786476124655101e-09], [8.607716674478533e-11, -1.4641736058668654e-12, -2.279629370240108e-13, 4.684242251953111e-11, -1.7802117354943355e-10, -4.555897996290583e-16, 5.101260199381872e-16, 1.4679771045172166e-05, -1.2543004154640382e-06, -8.274528795348576e-09, 5.351684388984963e-10], [-3.9159219109125417e-10, -1.4030466737055593e-12, -2.230814970500212e-13, 4.243175821561731e-11, -1.5420518299552337e-10, -7.032246199663243e-16, 5.686990496152067e-16, 1.607599845682714e-05, -1.4023101988863694e-06, -9.715871162720213e-09, 6.199430091983419e-10], [-3.932124345778112e-10, -1.4026386088605046e-12, -2.2135557750925776e-13, 4.249703272787473e-11, -1.5542247750866577e-10, -7.026080506016167e-16, 5.677225333211455e-16, 1.604582960874072e-05, -1.3957923968614943e-06, -9.713049290031937e-09, 6.132161548546594e-10]]
===========================================================>

generation 2

[[-3.932124345778112e-10, -1.4026386088605046e-12, -2.2135557750925776e-13, 4.249703272787473e-11, -1.5542247750866577e-10, -7.026080506016167e-16, 5.677225333211455e-16, 1.604582960874072e-05, -1.3957923968614943e-06, -9.713049290031937e-09, 6.132161548546594e-10], [-3.9159219109125417e-10, -1.4030466737055593e-12, -2.230814970500212e-13, 4.243175821561731e-11, -1.5420518299552337e-10, -7.032246199663243e-16, 5.686990496152067e-16, 1.607599845682714e-05, -1.4023101988863694e-06, -9.715871162720213e-09, 6.199430091983419e-10], [8.607716674478533e-11, -1.4641736058668654e-12, -2.279629370240108e-13, 4.684242251953111e-11, -1.7802117354943355e-10, -4.555897996290583e-16, 5.101260199381872e-16, 1.4679771045172166e-05, -1.2543004154640382e-06, -8.274528795348576e-09, 5.351684388984963e-10], [8.607716674478533e-11, -1.4641736058668654e-12, -2.279629370240108e-13, 4.684242251953111e-11, -1.7802117354943355e-10, -4.555897996290583e-16, 5.101260199381872e-16, 1.4679771045172166e-05, -1.2543004154640382e-06, -8.274528795348576e-09, 5.351684388984963e-10], [-3.932124345778112e-10, -1.4026386088605046e-12, -2.2135557750925776e-13, 4.249703272787473e-11, -1.5542247750866577e-10, -7.026080506016167e-16, 5.677225333211455e-16, 1.604582960874072e-05, -1.3957923968614943e-06, -9.713049290031937e-09, 6.132161548546594e-10], [8.607716674478533e-11, -1.4641736058668654e-12, -2.279629370240108e-13, 4.684242251953111e-11, -1.7802117354943355e-10, -4.555897996290583e-16, 5.101260199381872e-16, 1.4679771045172166e-05, -1.2543004154640382e-06, -8.274528795348576e-09, 5.351684388984963e-10], [-4.774279820239434e-10, -1.394505114428475e-12, -2.2046641831993343e-13, 4.197962217146387e-11, -1.4992307027510925e-10, -2.082530405286706e-15, 9.105659641101026e-16, 2.4312777542088786e-05, -2.170784455455797e-06, -1.7208391643853877e-08, 1.0786476124655101e-09], [-3.932124345778112e-10, -1.4026386088605046e-12, -2.2135557750925776e-13, 4.249703272787473e-11, -1.5542247750866577e-10, -7.026080506016167e-16, 5.677225333211455e-16, 1.604582960874072e-05, -1.3957923968614943e-06, -9.713049290031937e-09, 6.132161548546594e-10]]

[[-3.915614288763479e-10, -1.4030544212932297e-12, -2.2311426564823768e-13, 4.243051890276672e-11, -1.5418207123748936e-10, -7.025963443121244e-16, 5.677039930188104e-16, 1.6045256817925012e-05, -1.395668648777784e-06, -9.71299571348323e-09, 6.130884376685202e-10], [-3.932431967927175e-10, -1.4026308612728345e-12, -2.2132280891104128e-13, 4.249827204072532e-11, -1.5544558926669978e-10, -7.032363262558166e-16, 5.687175899175419e-16, 1.6076571247642847e-05, -1.4024339469700797e-06, -9.71592473926892e-09, 6.200707263844812e-10], [8.607716674478534e-11, -1.4641736058668654e-12, -2.279629370240108e-13, 4.684242251953111e-11, -1.7802117354943355e-10, -4.555897996290583e-16, 5.101260199381872e-16, 1.4679771045172166e-05, -1.2543004154640384e-06, -8.274528795348576e-09, 5.351684388984963e-10], [8.607716674478534e-11, -1.4641736058668654e-12, -2.279629370240108e-13, 4.684242251953111e-11, -1.7802117354943355e-10, -4.555897996290583e-16, 5.101260199381872e-16, 1.4679771045172166e-05, -1.2543004154640384e-06, -8.274528795348576e-09, 5.351684388984963e-10], [5.183414941670902e-11, -1.4597772159536328e-12, -2.274908718556196e-13, 4.653196458862185e-11, -1.7640660161217366e-10, -4.732381070929859e-16, 5.636075297818095e-16, 1.5948231065116236e-05, -1.385683451544494e-06, -9.61027367777099e-09, 6.076400078184443e-10], [-3.5896941724973495e-10, -1.4070349987737372e-12, -2.21827642677649e-13, 4.280749065878399e-11, -1.5703704944592565e-10, -6.849597431376893e-16, 5.142410234775232e-16, 1.477736958879665e-05, -1.2644093607810385e-06, -8.377304407609525e-09, 5.407445859347114e-10], [-3.8301092097308676e-10, -1.4036238658186143e-12, -2.2146328647561532e-13, 4.2559709644317384e-11, -1.5608865233519568e-10, -5.35450119534461e-16, 9.520965606513308e-16, 2.5314200490334108e-05, -2.2646637006671436e-06, -1.8116345570573783e-08, 1.1350280017270172e-09], [-4.876294956286679e-10, -1.3935198574703657e-12, -2.2035870935357592e-13, 4.191694525502123e-11, -1.4925689544857938e-10, -2.249688336353862e-15, 5.261919367799175e-16, 1.5044406660495405e-05, -1.3019131516501483e-06, -8.805095363312036e-09, 5.568357655931527e-10]]

[[-3.91146354728532e-10, -1.391966370455261e-12, -2.2297947039853286e-13, 4.1956168257593434e-11, -1.5278459235178916e-10, -7.019766192397413e-16, 5.639159966430727e-16, 1.5939140904784386e-05, -1.3906263461947332e-06, -9.66716902491218e-09, 6.119765095646131e-10], [-3.911032472209535e-10, -1.3916932765150035e-12, -2.21178383674579e-13, 4.198730418642925e-11, -1.5397607540953336e-10, -7.003480122783779e-16, 5.667784146530331e-16, 1.5978479421995045e-05, -1.3901385193737934e-06, -9.70456970512849e-09, 6.154468630456395e-10], [8.577330707268645e-11, -1.448561736938545e-12, -2.2725508236023996e-13, 4.660745468042972e-11, -1.760792087228638e-10, -4.545024200983701e-16, 5.095763091461817e-16, 1.4676989555559916e-05, -1.248070083044323e-06, -8.223395523890346e-09, 5.328672306828301e-10], [8.568070646811499e-11, -1.4638892964147833e-12, -2.2707111489340726e-13, 4.677513199917747e-11, -1.7775645110280486e-10, -4.535379387806231e-16, 5.067759208448675e-16, 1.4676780607438037e-05, -1.2447366819510567e-06, -8.267459822985513e-09, 5.329170083099402e-10], [5.1496997027993487e-11, -1.4545853995486087e-12, -2.2545970691212068e-13, 4.613198725309464e-11, -1.7453606266732428e-10, -4.719809105419223e-16, 5.605675607252399e-16, 1.5884064543244077e-05, -1.3740103820016361e-06, -9.536072604473127e-09, 6.058522575236176e-10], [-3.556350890082131e-10, -1.3965140932926249e-12, -2.206775095372474e-13, 4.2470932929857545e-11, -1.5643942273564307e-10, -6.836495420789425e-16, 5.119501570766937e-16, 1.4772355648879467e-05, -1.2534191479047212e-06, -8.329024930117217e-09, 5.404764235118414e-10], [-3.811627213129239e-10, -1.3943544056413505e-12, -2.2064396780130323e-13, 4.249011903936611e-11, -1.5596191773831568e-10, -5.316847159050818e-16, 9.490140549257282e-16, 2.5095494294165107e-05, -2.2568909339698205e-06, -1.7906015171787933e-08, 1.123505057489717e-09], [-4.834653140632495e-10, -1.3870476423349978e-12, -2.1941860490526357e-13, 4.150917917184545e-11, -1.4845809570970772e-10, -2.2375194469888858e-15, 5.249750628587611e-16, 1.5036819181483184e-05, -1.2965333966385614e-06, -8.772222630559627e-09, 5.557980275093412e-10]]
===========================================================>

generation 3

[[5.1496997027993487e-11, -1.4545853995486087e-12, -2.2545970691212068e-13, 4.613198725309464e-11, -1.7453606266732428e-10, -4.719809105419223e-16, 5.605675607252399e-16, 1.5884064543244077e-05, -1.3740103820016361e-06, -9.536072604473127e-09, 6.058522575236176e-10], [-3.911032472209535e-10, -1.3916932765150035e-12, -2.21178383674579e-13, 4.198730418642925e-11, -1.5397607540953336e-10, -7.003480122783779e-16, 5.667784146530331e-16, 1.5978479421995045e-05, -1.3901385193737934e-06, -9.70456970512849e-09, 6.154468630456395e-10], [-3.911032472209535e-10, -1.3916932765150035e-12, -2.21178383674579e-13, 4.198730418642925e-11, -1.5397607540953336e-10, -7.003480122783779e-16, 5.667784146530331e-16, 1.5978479421995045e-05, -1.3901385193737934e-06, -9.70456970512849e-09, 6.154468630456395e-10], [-3.911032472209535e-10, -1.3916932765150035e-12, -2.21178383674579e-13, 4.198730418642925e-11, -1.5397607540953336e-10, -7.003480122783779e-16, 5.667784146530331e-16, 1.5978479421995045e-05, -1.3901385193737934e-06, -9.70456970512849e-09, 6.154468630456395e-10], [8.568070646811499e-11, -1.4638892964147833e-12, -2.2707111489340726e-13, 4.677513199917747e-11, -1.7775645110280486e-10, -4.535379387806231e-16, 5.067759208448675e-16, 1.4676780607438037e-05, -1.2447366819510567e-06, -8.267459822985513e-09, 5.329170083099402e-10], [8.577330707268645e-11, -1.448561736938545e-12, -2.2725508236023996e-13, 4.660745468042972e-11, -1.760792087228638e-10, -4.545024200983701e-16, 5.095763091461817e-16, 1.4676989555559916e-05, -1.248070083044323e-06, -8.223395523890346e-09, 5.328672306828301e-10], [-3.911032472209535e-10, -1.3916932765150035e-12, -2.21178383674579e-13, 4.198730418642925e-11, -1.5397607540953336e-10, -7.003480122783779e-16, 5.667784146530331e-16, 1.5978479421995045e-05, -1.3901385193737934e-06, -9.70456970512849e-09, 6.154468630456395e-10], [-3.911032472209535e-10, -1.3916932765150035e-12, -2.21178383674579e-13, 4.198730418642925e-11, -1.5397607540953336e-10, -7.003480122783779e-16, 5.667784146530331e-16, 1.5978479421995045e-05, -1.3901385193737934e-06, -9.70456970512849e-09, 6.154468630456395e-10]]

[[-3.573301805496515e-10, -1.3964923246219877e-12, -2.2150507444581493e-13, 4.230356848894774e-11, -1.555449263748029e-10, -4.894066970223726e-16, 5.610414863195311e-16, 1.5891268967634376e-05, -1.375241056105032e-06, -9.548929948969199e-09, 6.065843837621151e-10], [1.772393035669149e-11, -1.4497863514416245e-12, -2.2513301614088476e-13, 4.581572295057615e-11, -1.7296721170205473e-10, -6.829222257979275e-16, 5.663044890587419e-16, 1.5971274997604746e-05, -1.3889078452703976e-06, -9.691712360632418e-09, 6.147147368071419e-10], [-3.9110324722095343e-10, -1.3916932765150035e-12, -2.2117838367457898e-13, 4.198730418642925e-11, -1.5397607540953336e-10, -7.003480122783779e-16, 5.667784146530331e-16, 1.5978479421995045e-05, -1.3901385193737934e-06, -9.70456970512849e-09, 6.154468630456395e-10], [-3.9110324722095343e-10, -1.3916932765150035e-12, -2.2117838367457898e-13, 4.198730418642925e-11, -1.5397607540953336e-10, -7.003480122783779e-16, 5.667784146530331e-16, 1.5978479421995045e-05, -1.3901385193737934e-06, -9.70456970512849e-09, 6.154468630456395e-10], [8.576503786867463e-11, -1.4499304830379783e-12, -2.2723865412500525e-13, 4.6622428210713865e-11, -1.762289859244403e-10, -4.544162922289145e-16, 5.093262353774082e-16, 1.4676970896560273e-05, -1.245034353589606e-06, -8.263524895340686e-09, 5.329125631839532e-10], [8.568897567212681e-11, -1.46252055031535e-12, -2.27087543128642e-13, 4.676015846889333e-11, -1.7760667390122835e-10, -4.536240666500787e-16, 5.07025994613641e-16, 1.467679926643768e-05, -1.2477724114057738e-06, -8.227330451535173e-09, 5.328716758088171e-10], [-3.9110324722095353e-10, -1.3916932765150035e-12, -2.2117838367457903e-13, 4.198730418642925e-11, -1.5397607540953336e-10, -7.00348012278378e-16, 5.667784146530331e-16, 1.5978479421995045e-05, -1.3901385193737936e-06, -9.704569705128492e-09, 6.154468630456395e-10], [-3.9110324722095353e-10, -1.3916932765150035e-12, -2.2117838367457903e-13, 4.198730418642925e-11, -1.5397607540953336e-10, -7.00348012278378e-16, 5.667784146530331e-16, 1.5978479421995045e-05, -1.3901385193737936e-06, -9.704569705128492e-09, 6.154468630456395e-10]]

[[-3.548330684715398e-10, -1.3864142816932345e-12, -2.2080734329857315e-13, 4.195989695157215e-11, -1.5415565681148144e-10, -4.873442356206607e-16, 5.575771086185493e-16, 1.5807498674479656e-05, -1.3678338314604715e-06, -9.533950786224575e-09, 6.00148832658105e-10], [1.769978555884477e-11, -1.4399878198598136e-12, -2.2296024546212312e-13, 4.5778958707074965e-11, -1.7225664515624892e-10, -6.792155953229538e-16, 5.630909370611168e-16, 1.5945427452195283e-05, -1.3751284870526828e-06, -9.629611134561423e-09, 6.107530661329909e-10], [-3.8812863947796153e-10, -1.3831091322310235e-12, -2.2048090910069807e-13, 4.1719198288678494e-11, -1.5384177914050902e-10, -6.99142691882027e-16, 5.629614751925862e-16, 1.5917078898536535e-05, -1.3887356507162435e-06, -9.6406303746502e-09, 6.133783187863804e-10], [-3.8716853792591816e-10, -1.3833475790828312e-12, -2.2106471591146997e-13, 4.189147585664675e-11, -1.532457443506613e-10, -6.962534519395929e-16, 5.615141666499186e-16, 1.5854431363640636e-05, -1.3830838652360704e-06, -9.696717243682733e-09, 6.100017469793209e-10], [8.520426567255993e-11, -1.437439723785668e-12, -2.254333100238203e-13, 4.632353713921638e-11, -1.7558482665117634e-10, -4.499340704007411e-16, 5.054199692344221e-16, 1.4647532452176425e-05, -1.2366776570217439e-06, -8.250657470235901e-09, 5.285486075883102e-10], [8.518968967670321e-11, -1.4598013657180049e-12, -2.253469494096645e-13, 4.669102329265659e-11, -1.760039599035249e-10, -4.522727871519656e-16, 5.016403929505348e-16, 1.4567655348675182e-05, -1.2411478939419248e-06, -8.20773316341122e-09, 5.275874470206454e-10], [-3.9061256266242053e-10, -1.3830014343733765e-12, -2.2114852659031476e-13, 4.189557907817005e-11, -1.5283878126522143e-10, -6.954931679012648e-16, 5.622041479863723e-16, 1.5854233876390752e-05, -1.3844018251989352e-06, -9.632579312816445e-09, 6.101442879070576e-10], [-3.905721680774849e-10, -1.383600222581017e-12, -2.2048807034396078e-13, 4.1614137976845815e-11, -1.5338139796790054e-10, -6.937246766853917e-16, 5.620623081835941e-16, 1.592815949566744e-05, -1.3789490075284616e-06, -9.677410750548484e-09, 6.108262004615475e-10]]
===========================================================>

generation 4

[[-3.548330684715398e-10, -1.3864142816932345e-12, -2.2080734329857315e-13, 4.195989695157215e-11, -1.5415565681148144e-10, -4.873442356206607e-16, 5.575771086185493e-16, 1.5807498674479656e-05, -1.3678338314604715e-06, -9.533950786224575e-09, 6.00148832658105e-10], [8.518968967670321e-11, -1.4598013657180049e-12, -2.253469494096645e-13, 4.669102329265659e-11, -1.760039599035249e-10, -4.522727871519656e-16, 5.016403929505348e-16, 1.4567655348675182e-05, -1.2411478939419248e-06, -8.20773316341122e-09, 5.275874470206454e-10], [-3.548330684715398e-10, -1.3864142816932345e-12, -2.2080734329857315e-13, 4.195989695157215e-11, -1.5415565681148144e-10, -4.873442356206607e-16, 5.575771086185493e-16, 1.5807498674479656e-05, -1.3678338314604715e-06, -9.533950786224575e-09, 6.00148832658105e-10], [-3.9061256266242053e-10, -1.3830014343733765e-12, -2.2114852659031476e-13, 4.189557907817005e-11, -1.5283878126522143e-10, -6.954931679012648e-16, 5.622041479863723e-16, 1.5854233876390752e-05, -1.3844018251989352e-06, -9.632579312816445e-09, 6.101442879070576e-10], [-3.9061256266242053e-10, -1.3830014343733765e-12, -2.2114852659031476e-13, 4.189557907817005e-11, -1.5283878126522143e-10, -6.954931679012648e-16, 5.622041479863723e-16, 1.5854233876390752e-05, -1.3844018251989352e-06, -9.632579312816445e-09, 6.101442879070576e-10], [-3.8812863947796153e-10, -1.3831091322310235e-12, -2.2048090910069807e-13, 4.1719198288678494e-11, -1.5384177914050902e-10, -6.99142691882027e-16, 5.629614751925862e-16, 1.5917078898536535e-05, -1.3887356507162435e-06, -9.6406303746502e-09, 6.133783187863804e-10], [-3.548330684715398e-10, -1.3864142816932345e-12, -2.2080734329857315e-13, 4.195989695157215e-11, -1.5415565681148144e-10, -4.873442356206607e-16, 5.575771086185493e-16, 1.5807498674479656e-05, -1.3678338314604715e-06, -9.533950786224575e-09, 6.00148832658105e-10], [-3.8716853792591816e-10, -1.3833475790828312e-12, -2.2106471591146997e-13, 4.189147585664675e-11, -1.532457443506613e-10, -6.962534519395929e-16, 5.615141666499186e-16, 1.5854431363640636e-05, -1.3830838652360704e-06, -9.696717243682733e-09, 6.100017469793209e-10]]

[[3.257880043363585e-11, -1.4510269110380992e-12, -2.2480417586012617e-13, 4.612535081477558e-11, -1.5676792772892615e-10, -4.831509523033491e-16, 5.508890901055626e-16, 1.565925802400248e-05, -1.3526867516696646e-06, -9.3753828776926e-09, 5.914731017955441e-10], [-3.022221792284724e-10, -1.3951887363731402e-12, -2.213501168481115e-13, 4.252556942945316e-11, -1.733916889860802e-10, -4.564660704692772e-16, 5.083284114635214e-16, 1.4715895999152355e-05, -1.2562949737327318e-06, -8.366301071943194e-09, 5.362631778832063e-10], [-3.873965137926924e-10, -1.3833081990164714e-12, -2.2111785924398721e-13, 4.1901360306461165e-11, -1.540372891204926e-10, -5.06053754956649e-16, 5.57993011220461e-16, 1.5811699479904152e-05, -1.369323049761099e-06, -9.542816036241149e-09, 6.010472766770259e-10], [-3.5804911734126794e-10, -1.3861075170501396e-12, -2.208380106449007e-13, 4.195411572328103e-11, -1.5295714895621026e-10, -6.767836485652765e-16, 5.617882453844606e-16, 1.585003307096626e-05, -1.3829126068983078e-06, -9.62371406279987e-09, 6.092458438881366e-10], [-3.888228714966077e-10, -1.3830790317425762e-12, -2.2066750160098145e-13, 4.176849497881177e-11, -1.5311910927375864e-10, -6.965131738403028e-16, 5.624158134671871e-16, 1.58717984399244e-05, -1.3856130866647347e-06, -9.63482950515092e-09, 6.110481676243385e-10], [-3.8991833064377434e-10, -1.383031534861824e-12, -2.2096193409003139e-13, 4.1846282388036773e-11, -1.5356145113197183e-10, -6.981226859429891e-16, 5.627498097117714e-16, 1.589951433500289e-05, -1.387524389250444e-06, -9.638380182315726e-09, 6.124744390690996e-10], [-3.8072662590211526e-10, -1.3839585313514309e-12, -2.2101344182274965e-13, 4.190510679139176e-11, -1.534270182310432e-10, -6.546343007351577e-16, 5.583614541653635e-16, 1.581684866257994e-05, -1.3708719619592738e-06, -9.566377320215395e-09, 6.021117423763292e-10], [-3.612749804953427e-10, -1.385803329424635e-12, -2.208586173872935e-13, 4.1946266016827145e-11, -1.5397438293109957e-10, -5.28963386825096e-16, 5.607298211031045e-16, 1.5845081375540355e-05, -1.3800457347372683e-06, -9.664290709691913e-09, 6.080388372610967e-10]]

[[3.228805294578938e-11, -1.4451732067307652e-12, -2.230199247301592e-13, 4.5885831164525985e-11, -1.5569058176346493e-10, -4.826916660726682e-16, 5.473574932661935e-16, 1.5653270107898854e-05, -1.3509594560497479e-06, -9.345077811154096e-09, 5.875146537209964e-10], [-2.9913952951090924e-10, -1.3924248195835052e-12, -2.2068356581925854e-13, 4.2090011791847884e-11, -1.7291600962692249e-10, -4.524990464469433e-16, 5.0509397535416035e-16, 1.463664650880853e-05, -1.2498200333761572e-06, -8.321559760668092e-09, 5.322786183284418e-10], [-3.867260148238422e-10, -1.3714407472527087e-12, -2.201851264365181e-13, 4.1726303469143846e-11, -1.5265401537160366e-10, -5.024949367129655e-16, 5.559247988449848e-16, 1.5733155331738594e-05, -1.362632943094418e-06, -9.541674110723739e-09, 5.981898866814386e-10], [-3.5676947339516977e-10, -1.3832717318317008e-12, -2.1974210222781399e-13, 4.194906154387746e-11, -1.5167209664518495e-10, -6.719255902258575e-16, 5.576834198534171e-16, 1.582811848698718e-05, -1.373297027067437e-06, -9.574930357455417e-09, 6.031959805073158e-10], [-3.8575348551806885e-10, -1.3801097885322297e-12, -2.1971972385367061e-13, 4.1466628818440395e-11, -1.5207349583394988e-10, -6.956803459532309e-16, 5.619712783518028e-16, 1.5714925616891933e-05, -1.376263573806282e-06, -9.584958743180297e-09, 6.075520113380269e-10], [-3.8979852977876135e-10, -1.3791972204003298e-12, -2.186476743545361e-13, 4.174324425892686e-11, -1.533517155590096e-10, -6.97416548422202e-16, 5.572362600495883e-16, 1.585277239123477e-05, -1.3820813781196248e-06, -9.551176869744761e-09, 6.116356034422041e-10], [-3.78910998643035e-10, -1.3753579192402573e-12, -2.2080581746240394e-13, 4.1644435858391235e-11, -1.533898819950886e-10, -6.501585681778397e-16, 5.558158657446205e-16, 1.563088920697229e-05, -1.3677572801592643e-06, -9.542362319081867e-09, 5.962077257354691e-10], [-3.5706536310582895e-10, -1.3846776757373432e-12, -2.1931624802751268e-13, 4.145004866595529e-11, -1.5313145589606125e-10, -5.23533911090512e-16, 5.561347680034891e-16, 1.5764606424896535e-05, -1.36767318380638e-06, -9.592915710299959e-09, 6.07566665670622e-10]]
===========================================================>

