best vector 
[-1.0953004266363207e-08, -1.368005493283853e-12, -2.0200809485915368e-13, 3.871234297046436e-11, -1.5551065185031405e-10, -5.192273832630576e-16, 4.724775018725957e-16, 1.523201837120356e-05, -1.304838487484583e-06, -8.961455503586041e-09, 5.665871141526921e-10]
===========================================================>


generation 1

[[0.0, -1.45799022e-12, -2.28980078e-13, 4.62010753e-11, -1.75214813e-10, -1.8366977e-15, 8.5294406e-16, 2.29423303e-05, -2.04721003e-06, -1.59792834e-08, 9.98214034e-10], [-1.808928986426039e-08, -1.4442499886898666e-12, -2.192110979827303e-13, 4.522469407070709e-11, -1.6887101864928675e-10, -1.7450016129080147e-15, 8.342427901219632e-16, 2.1432774838899064e-05, -1.9564648893172924e-06, -1.4492022718916187e-08, 9.44402099962257e-10], [-1.808928986426039e-08, -1.4442499886898666e-12, -2.192110979827303e-13, 4.522469407070709e-11, -1.6887101864928675e-10, -1.7450016129080147e-15, 8.342427901219632e-16, 2.1432774838899064e-05, -1.9564648893172924e-06, -1.4492022718916187e-08, 9.44402099962257e-10], [-2.5780786767844646e-09, -9.873199367438362e-13, -1.559728953092532e-13, 3.300179817771205e-11, -1.56088244577568e-10, -7.858559605629119e-16, 5.384386877283606e-16, 1.648100791422089e-05, -1.4325420531659842e-06, -1.0213921769937194e-08, 6.41849486765052e-10], [-9.411916399118558e-09, -1.4554699089528335e-12, -2.234005921224161e-13, 4.3476455419866814e-11, -1.6608969296746499e-10, -1.741157295753114e-15, 8.181451386877303e-16, 2.223332077744606e-05, -1.9573598276657715e-06, -1.4657800747641731e-08, 9.215201745437625e-10], [0.0, -1.45799022e-12, -2.28980078e-13, 4.62010753e-11, -1.75214813e-10, -1.8366977e-15, 8.5294406e-16, 2.29423303e-05, -2.04721003e-06, -1.59792834e-08, 9.98214034e-10], [-9.411916399118558e-09, -1.4554699089528335e-12, -2.234005921224161e-13, 4.3476455419866814e-11, -1.6608969296746499e-10, -1.741157295753114e-15, 8.181451386877303e-16, 2.223332077744606e-05, -1.9573598276657715e-06, -1.4657800747641731e-08, 9.215201745437625e-10], [9.34079436112194e-11, -1.5675107224619307e-12, -2.608049641268132e-13, 5.399919317004255e-11, -1.6523783887169133e-10, -7.568434018329049e-16, 5.312503692619588e-16, 1.6559256722156905e-05, -1.4245484178243986e-06, -1.0150809638920009e-08, 6.371654965924299e-10]]

[[-1.633935544129839e-08, -1.4455792008330457e-12, -2.201561364302165e-13, 4.5319147923561174e-11, -1.74601122568269e-10, -1.8278271395491878e-15, 8.511349234248082e-16, 2.2796297863979944e-05, -2.038431462870566e-06, -1.5835407732061896e-08, 9.930083373449392e-10], [-1.7499344229620002e-09, -1.456661007856821e-12, -2.280350395525138e-13, 4.610662144714592e-11, -1.6948470908101773e-10, -1.7538721733588268e-15, 8.360519266971551e-16, 2.157880727491912e-05, -1.9652434564467264e-06, -1.4635898386854294e-08, 9.49607796617318e-10], [-7.93821466864491e-10, -9.34759196659781e-13, -1.4869859430859143e-13, 3.159579642455518e-11, -1.5461783994413372e-10, -6.755252762033349e-16, 8.682691853557435e-16, 2.2002377414121172e-05, -2.0167318205418172e-06, -1.4984133384596792e-08, 9.792047775193206e-10], [-1.9873547074180364e-08, -1.4968107287739219e-12, -2.2648539898339207e-13, 4.663069582386396e-11, -1.7034142328272103e-10, -1.8553322972675914e-15, 5.044122924945803e-16, 1.5911405338998783e-05, -1.3722751219414592e-06, -9.721811104256587e-09, 6.070468092079885e-10], [1.6960986253262636e-10, -1.4580356379140704e-12, -2.290806245616746e-13, 4.6250175013993046e-11, -1.6592525139269104e-10, -1.7394355853018672e-15, 8.175180357673718e-16, 2.2220543888813057e-05, -1.9557406589630126e-06, -1.4633986629294196e-08, 9.201380931048872e-10], [-9.581526261651186e-09, -1.4554244910387635e-12, -2.2330004556074157e-13, 4.3427355705873784e-11, -1.7537925457477396e-10, -1.838419410451247e-15, 8.535711629203586e-16, 2.295510718863301e-05, -2.048829198702759e-06, -1.600309751834754e-08, 9.995961154388755e-10], [9.353874035328251e-10, -1.5774352721402087e-12, -2.641182348583961e-13, 5.4931294877289006e-11, -1.661651500087642e-10, -1.828347595727482e-15, 8.435582118565806e-16, 2.2735928075900536e-05, -2.0045561406923164e-06, -1.5057028990967853e-08, 9.467082469897878e-10], [-1.0253895859040165e-08, -1.4455453592745556e-12, -2.200873213908332e-13, 4.254435371262037e-11, -1.6516238183039217e-10, -6.696531018585371e-16, 5.058372960931087e-16, 1.6056649423702433e-05, -1.3773521047978543e-06, -9.751581395593893e-09, 6.119774241464046e-10]]

[[-1.6247668759285493e-08, -1.4418407624129306e-12, -2.1977920427061833e-13, 4.530063742950647e-11, -1.7232802148228893e-10, -1.805664343644993e-15, 8.397960491958609e-16, 2.2759603538751033e-05, -2.027217625616559e-06, -1.5633183214015994e-08, 9.882345361494955e-10], [-1.7472193373181105e-09, -1.443213511220709e-12, -2.2645640449973757e-13, 4.541542577941771e-11, -1.6765156562845306e-10, -1.7272935955461253e-15, 8.351437396457609e-16, 2.1524435584475328e-05, -1.9464238000199545e-06, -1.4497345607655967e-08, 9.4226002134393e-10], [-7.894576344813464e-10, -9.223604481842814e-13, -1.461737676742277e-13, 3.143261192095121e-11, -1.5283434897674664e-10, -6.726639257374506e-16, 8.673358235905043e-16, 2.169176858068333e-05, -2.005290594235584e-06, -1.4861062663472483e-08, 9.751430658793316e-10], [-1.9555307420543495e-08, -1.4791295112297942e-12, -2.264251712637789e-13, 4.5919263799830806e-11, -1.6879815954218805e-10, -1.8367030060820942e-15, 5.010530458626938e-16, 1.5727087318184025e-05, -1.3715245652931697e-06, -9.634561266395267e-09, 5.982712036628089e-10], [1.6928815247021274e-10, -1.4428262595601489e-12, -2.257283191695115e-13, 4.6140447767838515e-11, -1.6412237387122368e-10, -1.7290721329782993e-15, 8.1290099122962705e-16, 2.2066160437384964e-05, -1.931656262135098e-06, -1.4474743946966903e-08, 9.115781545781443e-10], [-9.554602216922913e-09, -1.4429333827093493e-12, -2.2192289850220824e-13, 4.281426591209293e-11, -1.7459473737701088e-10, -1.8172289245977535e-15, 8.475423679593262e-16, 2.28664707108605e-05, -2.012260083607147e-06, -1.572691122916238e-08, 9.866376623258951e-10], [9.249000819658849e-10, -1.5700015361062506e-12, -2.60439880162517e-13, 5.4350593156891784e-11, -1.659232475239537e-10, -1.8095576519689587e-15, 8.357499158332388e-16, 2.2644689738508725e-05, -1.9836884271776667e-06, -1.5049300482144045e-08, 9.380007044968935e-10], [-1.0072817199466923e-08, -1.4291710433516623e-12, -2.2007057036320476e-13, 4.22185099026054e-11, -1.6405305461067956e-10, -6.683881390575585e-16, 4.982536589020619e-16, 1.590373890831182e-05, -1.364313198609414e-06, -9.598459032666099e-09, 6.036312128503939e-10]]
===========================================================>

generation 2

[[-1.0072817199466923e-08, -1.4291710433516623e-12, -2.2007057036320476e-13, 4.22185099026054e-11, -1.6405305461067956e-10, -6.683881390575585e-16, 4.982536589020619e-16, 1.590373890831182e-05, -1.364313198609414e-06, -9.598459032666099e-09, 6.036312128503939e-10], [-1.0072817199466923e-08, -1.4291710433516623e-12, -2.2007057036320476e-13, 4.22185099026054e-11, -1.6405305461067956e-10, -6.683881390575585e-16, 4.982536589020619e-16, 1.590373890831182e-05, -1.364313198609414e-06, -9.598459032666099e-09, 6.036312128503939e-10], [9.249000819658849e-10, -1.5700015361062506e-12, -2.60439880162517e-13, 5.4350593156891784e-11, -1.659232475239537e-10, -1.8095576519689587e-15, 8.357499158332388e-16, 2.2644689738508725e-05, -1.9836884271776667e-06, -1.5049300482144045e-08, 9.380007044968935e-10], [-9.554602216922913e-09, -1.4429333827093493e-12, -2.2192289850220824e-13, 4.281426591209293e-11, -1.7459473737701088e-10, -1.8172289245977535e-15, 8.475423679593262e-16, 2.28664707108605e-05, -2.012260083607147e-06, -1.572691122916238e-08, 9.866376623258951e-10], [-1.7472193373181105e-09, -1.443213511220709e-12, -2.2645640449973757e-13, 4.541542577941771e-11, -1.6765156562845306e-10, -1.7272935955461253e-15, 8.351437396457609e-16, 2.1524435584475328e-05, -1.9464238000199545e-06, -1.4497345607655967e-08, 9.4226002134393e-10], [-1.0072817199466923e-08, -1.4291710433516623e-12, -2.2007057036320476e-13, 4.22185099026054e-11, -1.6405305461067956e-10, -6.683881390575585e-16, 4.982536589020619e-16, 1.590373890831182e-05, -1.364313198609414e-06, -9.598459032666099e-09, 6.036312128503939e-10], [-1.7472193373181105e-09, -1.443213511220709e-12, -2.2645640449973757e-13, 4.541542577941771e-11, -1.6765156562845306e-10, -1.7272935955461253e-15, 8.351437396457609e-16, 2.1524435584475328e-05, -1.9464238000199545e-06, -1.4497345607655967e-08, 9.4226002134393e-10], [-1.6247668759285493e-08, -1.4418407624129306e-12, -2.1977920427061833e-13, 4.530063742950647e-11, -1.7232802148228893e-10, -1.805664343644993e-15, 8.397960491958609e-16, 2.2759603538751033e-05, -2.027217625616559e-06, -1.5633183214015994e-08, 9.882345361494955e-10]]

[[-1.0072817199466923e-08, -1.4291710433516623e-12, -2.2007057036320474e-13, 4.22185099026054e-11, -1.6405305461067956e-10, -6.683881390575585e-16, 4.982536589020619e-16, 1.590373890831182e-05, -1.364313198609414e-06, -9.598459032666099e-09, 6.036312128503939e-10], [-1.0072817199466923e-08, -1.4291710433516623e-12, -2.2007057036320474e-13, 4.22185099026054e-11, -1.6405305461067956e-10, -6.683881390575585e-16, 4.982536589020619e-16, 1.590373890831182e-05, -1.364313198609414e-06, -9.598459032666099e-09, 6.036312128503939e-10], [-1.0411247604271593e-08, -1.4325462150384273e-12, -2.187743334527597e-13, 4.1871230523642304e-11, -1.7530358705061132e-10, -1.8089305649065084e-15, 8.347859435537141e-16, 2.2626560285262934e-05, -1.9813528412890294e-06, -1.499390929043519e-08, 9.340248834711847e-10], [1.7815454693145642e-09, -1.5803887037771726e-12, -2.635884452119655e-13, 5.5293628545342404e-11, -1.6521439785035327e-10, -1.8178560116602038e-15, 8.485063402388508e-16, 2.288460016410629e-05, -2.014595669495784e-06, -1.5782302420871235e-08, 9.906134833516039e-10], [-1.111680697717395e-08, -1.4274101856749164e-12, -2.192698175919255e-13, 4.181763208567948e-11, -1.6360181870189262e-10, -5.356065069830382e-16, 4.560092692100835e-16, 1.5198930680642745e-05, -2.0194176591313103e-06, -1.5111642333382717e-08, 9.847224391015321e-10], [-7.032295596110845e-10, -1.444974368897455e-12, -2.2725715727101692e-13, 4.5816303596343644e-11, -1.6810280153724006e-10, -1.8600752276206457e-15, 8.773881293377393e-16, 2.2229243812144407e-05, -1.2913193394980585e-06, -8.984162306939354e-09, 5.611687950927918e-10], [-1.4166737678339023e-08, -1.4420377629042473e-12, -2.207374361906185e-13, 4.531711048065887e-11, -1.7165691246685534e-10, -1.7944175111634497e-15, 8.358113834724634e-16, 2.170169211711407e-05, -1.958018363604849e-06, -1.4660347436716637e-08, 9.488577338703706e-10], [-3.828150418264582e-09, -1.4430165107293925e-12, -2.2549817257973741e-13, 4.539895272826531e-11, -1.6832267464388667e-10, -1.7385404280276688e-15, 8.391284053691585e-16, 2.2582347006112292e-05, -2.015623062031665e-06, -1.5470181384955322e-08, 9.816368236230546e-10]]

[[-1.0021681785662334e-08, -1.4214038142848364e-12, -2.1893969033853981e-13, 4.174473660883949e-11, -1.6250124994332352e-10, -6.585820570333595e-16, 4.903994853081268e-16, 1.5720078356133846e-05, -1.350602300032055e-06, -9.421331334158106e-09, 5.979253060474005e-10], [-1.002127726742698e-08, -1.4096142643910176e-12, -2.188029976353519e-13, 4.1984514631987076e-11, -1.620675737112463e-10, -6.580251609360784e-16, 4.927880287722743e-16, 1.584074246471289e-05, -1.3620941527512352e-06, -9.477345785451626e-09, 5.946639150302927e-10], [-1.0245980063150209e-08, -1.4250950332973916e-12, -2.1739567164617373e-13, 4.1739010090174913e-11, -1.7474023386237547e-10, -1.794299886954788e-15, 8.243637929294265e-16, 2.257015048642195e-05, -1.950687769661816e-06, -1.478180585030513e-08, 9.24023208063529e-10], [1.7584096039001125e-09, -1.5631570178819423e-12, -2.593741222566717e-13, 5.461135603966786e-11, -1.6312794118146456e-10, -1.8129744628418867e-15, 8.453424450574239e-16, 2.253890035996331e-05, -1.9944411574063526e-06, -1.5658447709340225e-08, 9.867704683123149e-10], [-1.0955437513636312e-08, -1.4148877300291149e-12, -2.1697563739390081e-13, 4.145909108725913e-11, -1.6166693610396945e-10, -5.293908987236159e-16, 4.53797608963484e-16, 1.5017406954788502e-05, -2.007065067861413e-06, -1.4964646648318798e-08, 9.837072862687897e-10], [-6.934146778269915e-10, -1.4373053126204341e-12, -2.2398518008999176e-13, 4.512931263861353e-11, -1.6509897725658287e-10, -1.8279513623443974e-15, 8.684525632822304e-16, 2.2099828075130916e-05, -1.2913190114375775e-06, -8.947915528882897e-09, 5.533607931403267e-10], [-1.4079330628337669e-08, -1.4253444767319195e-12, -2.1644669993922453e-13, 4.480277989599269e-11, -1.6965541592952054e-10, -1.7730665973591385e-15, 8.298774772974398e-16, 2.1614857630034617e-05, -1.9357199153079514e-06, -1.4538723201606598e-08, 9.434776942525399e-10], [-3.826369791084301e-09, -1.4221237743053599e-12, -2.23406901127953e-13, 4.4810153713220743e-11, -1.6688059319485702e-10, -1.7168462487947688e-15, 8.361178446138849e-16, 2.2351731336449994e-05, -1.983867171076222e-06, -1.5316800364372044e-08, 9.679526121218384e-10]]
===========================================================>

generation 3

[[-1.0021681785662334e-08, -1.4214038142848364e-12, -2.1893969033853981e-13, 4.174473660883949e-11, -1.6250124994332352e-10, -6.585820570333595e-16, 4.903994853081268e-16, 1.5720078356133846e-05, -1.350602300032055e-06, -9.421331334158106e-09, 5.979253060474005e-10], [-1.002127726742698e-08, -1.4096142643910176e-12, -2.188029976353519e-13, 4.1984514631987076e-11, -1.620675737112463e-10, -6.580251609360784e-16, 4.927880287722743e-16, 1.584074246471289e-05, -1.3620941527512352e-06, -9.477345785451626e-09, 5.946639150302927e-10], [-1.0955437513636312e-08, -1.4148877300291149e-12, -2.1697563739390081e-13, 4.145909108725913e-11, -1.6166693610396945e-10, -5.293908987236159e-16, 4.53797608963484e-16, 1.5017406954788502e-05, -2.007065067861413e-06, -1.4964646648318798e-08, 9.837072862687897e-10], [-1.0021681785662334e-08, -1.4214038142848364e-12, -2.1893969033853981e-13, 4.174473660883949e-11, -1.6250124994332352e-10, -6.585820570333595e-16, 4.903994853081268e-16, 1.5720078356133846e-05, -1.350602300032055e-06, -9.421331334158106e-09, 5.979253060474005e-10], [-1.0245980063150209e-08, -1.4250950332973916e-12, -2.1739567164617373e-13, 4.1739010090174913e-11, -1.7474023386237547e-10, -1.794299886954788e-15, 8.243637929294265e-16, 2.257015048642195e-05, -1.950687769661816e-06, -1.478180585030513e-08, 9.24023208063529e-10], [-1.002127726742698e-08, -1.4096142643910176e-12, -2.188029976353519e-13, 4.1984514631987076e-11, -1.620675737112463e-10, -6.580251609360784e-16, 4.927880287722743e-16, 1.584074246471289e-05, -1.3620941527512352e-06, -9.477345785451626e-09, 5.946639150302927e-10], [-1.0245980063150209e-08, -1.4250950332973916e-12, -2.1739567164617373e-13, 4.1739010090174913e-11, -1.7474023386237547e-10, -1.794299886954788e-15, 8.243637929294265e-16, 2.257015048642195e-05, -1.950687769661816e-06, -1.478180585030513e-08, 9.24023208063529e-10], [-1.0955437513636312e-08, -1.4148877300291149e-12, -2.1697563739390081e-13, 4.145909108725913e-11, -1.6166693610396945e-10, -5.293908987236159e-16, 4.53797608963484e-16, 1.5017406954788502e-05, -2.007065067861413e-06, -1.4964646648318798e-08, 9.837072862687897e-10]]

[[-1.002130708398155e-08, -1.4104832579913767e-12, -2.1881307309076416e-13, 4.196684088112307e-11, -1.6209953946682622e-10, -6.580662090803215e-16, 4.905755419857115e-16, 1.5728972363037638e-05, -1.351449350730273e-06, -9.425460092265082e-09, 5.976849128222425e-10], [-1.0021651969107766e-08, -1.4205348206844771e-12, -2.1892961488312753e-13, 4.1762410359703485e-11, -1.624692841877436e-10, -6.585410088891164e-16, 4.926119720946896e-16, 1.5831848457809098e-05, -1.3612471020530168e-06, -9.47321702734465e-09, 5.949043082554506e-10], [-9.122527743862427e-09, -1.42767843549434e-12, -2.2083096242456271e-13, 4.201979711723209e-11, -1.6330464706133906e-10, -7.82985847745372e-16, 5.256450255139729e-16, 1.6396711239498046e-05, -2.639201646306446e-06, -2.030254629420757e-08, 1.355193550157391e-09], [-1.185459155543622e-08, -1.4086131088196115e-12, -2.1508436530787792e-13, 4.118403057886654e-11, -1.6086353898595394e-10, -4.0498710801160324e-16, 4.1855206875763774e-16, 1.43407740714243e-05, -7.184657215870218e-07, -4.083431688269333e-09, 2.264390421587993e-10], [-1.0066944257538962e-08, -1.4127604652128535e-12, -2.1851698276034654e-13, 4.193462004368301e-11, -1.6464307458096823e-10, -8.889535145890776e-16, 5.6017511710111e-16, 2.1202513699359442e-05, -1.8310662100060162e-06, -1.370376530100356e-08, 8.570865794834187e-10], [-1.0200313073038227e-08, -1.4219488324755557e-12, -2.176816865211791e-13, 4.178890467847898e-11, -1.7216473299265354e-10, -1.5633715333017887e-15, 7.569767046005909e-16, 1.72083792517754e-05, -1.4817157124070349e-06, -1.0555386334753196e-08, 6.61600543610403e-10], [-1.0784036823629658e-08, -1.4173537536392568e-12, -2.1707711516486038e-13, 4.152671784938963e-11, -1.6482536689487582e-10, -8.349853684552285e-16, 7.348372123270573e-16, 2.0745452681249448e-05, -1.96430818876588e-06, -1.4825979096945132e-08, 9.384425255007953e-10], [-1.0417380753156863e-08, -1.4226290096872497e-12, -2.172941938752141e-13, 4.1671383328044406e-11, -1.715818030714691e-10, -1.4887054172231752e-15, 5.433241895658533e-16, 1.6842104759961006e-05, -1.9934446487573483e-06, -1.4920473401678795e-08, 9.692879688315233e-10]]

[[-9.960522763319945e-09, -1.3920577307149112e-12, -2.1672989169805436e-13, 4.146770335246764e-11, -1.6039487898279581e-10, -6.545988721032688e-16, 4.904416154031036e-16, 1.564250201088523e-05, -1.333616554133875e-06, -9.371975725813701e-09, 5.899420381783809e-10], [-9.961122316091308e-09, -1.402925438147241e-12, -2.1666623942654156e-13, 4.1633120148423926e-11, -1.615459362657587e-10, -6.51148343460175e-16, 4.91744301626771e-16, 1.57340950598167e-05, -1.3404543226762097e-06, -9.38516421657507e-09, 5.921777977104535e-10], [-9.07800065393724e-09, -1.4044667133899045e-12, -2.1936664288465597e-13, 4.186814651605193e-11, -1.6123189607727095e-10, -7.7524247145733355e-16, 5.187785410460282e-16, 1.6348468203901776e-05, -2.6012697910372447e-06, -2.00792350049468e-08, 1.3381628743404498e-09], [-1.1680633646117656e-08, -1.38733066018026e-12, -2.1307074711100123e-13, 4.053024598067758e-11, -1.5991506215183516e-10, -4.036836018531185e-16, 4.1452382658646666e-16, 1.4309734583781122e-05, -7.151458487859299e-07, -4.0717203656090745e-09, 2.2421887552853887e-10], [-9.995072544980847e-09, -1.4077985852997748e-12, -2.1690739376655358e-13, 4.1642888184471666e-11, -1.6446835007666764e-10, -8.882092745341712e-16, 5.57033836911575e-16, 2.1041328801842294e-05, -1.8272545167345536e-06, -1.3620268198653605e-08, 8.522010029148475e-10], [-1.0068091563136483e-08, -1.4145108776432963e-12, -2.1587167897880552e-13, 4.1264470390493954e-11, -1.7180915812028604e-10, -1.5597143114932794e-15, 7.521886584934004e-16, 1.690395990093474e-05, -1.4663026299231932e-06, -1.0415365500314798e-08, 6.593902093109545e-10], [-1.0635239388286715e-08, -1.3935313062990096e-12, -2.154361699077703e-13, 4.08837033382282e-11, -1.6257939313134623e-10, -8.279206139917018e-16, 7.2978058083605e-16, 2.047170183831341e-05, -1.9565556263414184e-06, -1.4659507624182674e-08, 9.279757484129212e-10], [-1.0379566813443326e-08, -1.413453181348891e-12, -2.1600210985489135e-13, 4.1338767091291706e-11, -1.7126733511566002e-10, -1.4788994862114335e-15, 5.376905154191338e-16, 1.662703204037906e-05, -1.981458750627903e-06, -1.4775071319992892e-08, 9.561605194151984e-10]]
===========================================================>

generation 4

[[-9.961122316091308e-09, -1.402925438147241e-12, -2.1666623942654156e-13, 4.1633120148423926e-11, -1.615459362657587e-10, -6.51148343460175e-16, 4.91744301626771e-16, 1.57340950598167e-05, -1.3404543226762097e-06, -9.38516421657507e-09, 5.921777977104535e-10], [-9.961122316091308e-09, -1.402925438147241e-12, -2.1666623942654156e-13, 4.1633120148423926e-11, -1.615459362657587e-10, -6.51148343460175e-16, 4.91744301626771e-16, 1.57340950598167e-05, -1.3404543226762097e-06, -9.38516421657507e-09, 5.921777977104535e-10], [-9.960522763319945e-09, -1.3920577307149112e-12, -2.1672989169805436e-13, 4.146770335246764e-11, -1.6039487898279581e-10, -6.545988721032688e-16, 4.904416154031036e-16, 1.564250201088523e-05, -1.333616554133875e-06, -9.371975725813701e-09, 5.899420381783809e-10], [-9.961122316091308e-09, -1.402925438147241e-12, -2.1666623942654156e-13, 4.1633120148423926e-11, -1.615459362657587e-10, -6.51148343460175e-16, 4.91744301626771e-16, 1.57340950598167e-05, -1.3404543226762097e-06, -9.38516421657507e-09, 5.921777977104535e-10], [-1.1680633646117656e-08, -1.38733066018026e-12, -2.1307074711100123e-13, 4.053024598067758e-11, -1.5991506215183516e-10, -4.036836018531185e-16, 4.1452382658646666e-16, 1.4309734583781122e-05, -7.151458487859299e-07, -4.0717203656090745e-09, 2.2421887552853887e-10], [-9.995072544980847e-09, -1.4077985852997748e-12, -2.1690739376655358e-13, 4.1642888184471666e-11, -1.6446835007666764e-10, -8.882092745341712e-16, 5.57033836911575e-16, 2.1041328801842294e-05, -1.8272545167345536e-06, -1.3620268198653605e-08, 8.522010029148475e-10], [-9.995072544980847e-09, -1.4077985852997748e-12, -2.1690739376655358e-13, 4.1642888184471666e-11, -1.6446835007666764e-10, -8.882092745341712e-16, 5.57033836911575e-16, 2.1041328801842294e-05, -1.8272545167345536e-06, -1.3620268198653605e-08, 8.522010029148475e-10], [-9.960522763319945e-09, -1.3920577307149112e-12, -2.1672989169805436e-13, 4.146770335246764e-11, -1.6039487898279581e-10, -6.545988721032688e-16, 4.904416154031036e-16, 1.564250201088523e-05, -1.333616554133875e-06, -9.371975725813701e-09, 5.899420381783809e-10]]

[[-9.961122316091308e-09, -1.402925438147241e-12, -2.1666623942654159e-13, 4.1633120148423926e-11, -1.615459362657587e-10, -6.51148343460175e-16, 4.91744301626771e-16, 1.57340950598167e-05, -1.3404543226762097e-06, -9.38516421657507e-09, 5.921777977104535e-10], [-9.961122316091308e-09, -1.402925438147241e-12, -2.1666623942654159e-13, 4.1633120148423926e-11, -1.615459362657587e-10, -6.51148343460175e-16, 4.91744301626771e-16, 1.57340950598167e-05, -1.3404543226762097e-06, -9.38516421657507e-09, 5.921777977104535e-10], [-9.961107373135693e-09, -1.4026545768026831e-12, -2.1666782586415532e-13, 4.1628997382325915e-11, -1.61517247885503e-10, -6.512343427229931e-16, 4.917118341220764e-16, 1.564478483056364e-05, -1.3337869752822804e-06, -9.372304429209753e-09, 5.899977611389718e-10], [-9.96053770627556e-09, -1.392328592059469e-12, -2.167283052604406e-13, 4.147182611856565e-11, -1.604235673630515e-10, -6.545128728404507e-16, 4.904740829077982e-16, 1.573181224013829e-05, -1.3402839015278043e-06, -9.384835513179019e-09, 5.921220747498626e-10], [-9.953171961103994e-09, -1.408307387984339e-12, -2.1700276719139613e-13, 4.167054684244233e-11, -1.645815381553918e-10, -9.002538741484884e-16, 5.605764273503855e-16, 1.4142396996334088e-05, -6.87500453736099e-07, -3.83435743102855e-09, 2.0860815825227556e-10], [-1.1722534229994508e-08, -1.3868218574956956e-12, -2.1297537368615867e-13, 4.0502587322706915e-11, -1.59801874073111e-10, -3.9163900223880137e-16, 4.109812361476561e-16, 2.1208666389289332e-05, -1.8548999117843845e-06, -1.3857631133234129e-08, 8.678117201911108e-10], [-9.965294038023216e-09, -1.3942315198874665e-12, -2.1675440447609508e-13, 4.14918961235115e-11, -1.609574194287949e-10, -6.868601296266625e-16, 4.996379045442737e-16, 1.638807215508624e-05, -1.7590838305447794e-06, -1.3033585173947452e-08, 8.159834205163738e-10], [-9.990301270277576e-09, -1.4056247961272195e-12, -2.1688288098851286e-13, 4.161869541342781e-11, -1.6390580963066857e-10, -8.559480170107775e-16, 5.47837547770405e-16, 2.0295758657641284e-05, -1.4017872403236491e-06, -9.958658750519853e-09, 6.261596205768546e-10]]

[[-9.816037795358404e-09, -1.3933355730003194e-12, -2.1352102066952799e-13, 4.138037938234193e-11, -1.596262074889933e-10, -6.497522591297045e-16, 4.915999845066559e-16, 1.5530935907933406e-05, -1.3400069786642024e-06, -9.232501183160686e-09, 5.888971251902185e-10], [-9.835846443546465e-09, -1.3910927872486854e-12, -2.1648201270733532e-13, 4.155789674267549e-11, -1.6047376302987352e-10, -6.44387993012497e-16, 4.864836933214078e-16, 1.5488381883412613e-05, -1.3312185258494729e-06, -9.242162633421867e-09, 5.870799497990439e-10], [-9.88576352285399e-09, -1.381788015021139e-12, -2.1629657428628713e-13, 4.098670223940495e-11, -1.5952526698746297e-10, -6.501559378019418e-16, 4.890825107999704e-16, 1.542178271739023e-05, -1.3324959268339696e-06, -9.362146963401313e-09, 5.849268242465603e-10], [-9.891325451657643e-09, -1.3735640681427864e-12, -2.1365662706971632e-13, 4.089086076464784e-11, -1.5775086971765684e-10, -6.492220296309809e-16, 4.82218634596307e-16, 1.5720920677854015e-05, -1.3294070004970715e-06, -9.360194300563874e-09, 5.824240417792977e-10], [-9.844428083210458e-09, -1.389702550219504e-12, -2.1337136000301879e-13, 4.1047762692322227e-11, -1.6294638038770464e-10, -8.963569832381202e-16, 5.581738166998994e-16, 1.4085183386612809e-05, -6.813040241743096e-07, -3.830322950834595e-09, 2.0738144404469295e-10], [-1.1524073637237677e-08, -1.3853458714648395e-12, -2.1044111544114906e-13, 4.0484556359347135e-11, -1.5857904550508395e-10, -3.8608096752336495e-16, 4.090650672821751e-16, 2.098825269328226e-05, -1.8341276132718773e-06, -1.3821248496095673e-08, 8.594159684171804e-10], [-9.867406365420643e-09, -1.3890260729390593e-12, -2.1388812817797716e-13, 4.1144301816476024e-11, -1.587757763699129e-10, -6.848281369292774e-16, 4.969432703140616e-16, 1.6222659139708274e-05, -1.7292976635268528e-06, -1.2856708804924662e-08, 8.151564156043023e-10], [-9.952375013183465e-09, -1.3999790828759743e-12, -2.1632079069818025e-13, 4.117948303271091e-11, -1.6350534983266912e-10, -8.498768867275765e-16, 5.441048951690356e-16, 2.0256406539043878e-05, -1.396041553225399e-06, -9.865461415039182e-09, 6.209810355292202e-10]]
===========================================================>

generation 5

[[-9.816037795358404e-09, -1.3933355730003194e-12, -2.1352102066952799e-13, 4.138037938234193e-11, -1.596262074889933e-10, -6.497522591297045e-16, 4.915999845066559e-16, 1.5530935907933406e-05, -1.3400069786642024e-06, -9.232501183160686e-09, 5.888971251902185e-10], [-1.1524073637237677e-08, -1.3853458714648395e-12, -2.1044111544114906e-13, 4.0484556359347135e-11, -1.5857904550508395e-10, -3.8608096752336495e-16, 4.090650672821751e-16, 2.098825269328226e-05, -1.8341276132718773e-06, -1.3821248496095673e-08, 8.594159684171804e-10], [-9.891325451657643e-09, -1.3735640681427864e-12, -2.1365662706971632e-13, 4.089086076464784e-11, -1.5775086971765684e-10, -6.492220296309809e-16, 4.82218634596307e-16, 1.5720920677854015e-05, -1.3294070004970715e-06, -9.360194300563874e-09, 5.824240417792977e-10], [-9.835846443546465e-09, -1.3910927872486854e-12, -2.1648201270733532e-13, 4.155789674267549e-11, -1.6047376302987352e-10, -6.44387993012497e-16, 4.864836933214078e-16, 1.5488381883412613e-05, -1.3312185258494729e-06, -9.242162633421867e-09, 5.870799497990439e-10], [-9.835846443546465e-09, -1.3910927872486854e-12, -2.1648201270733532e-13, 4.155789674267549e-11, -1.6047376302987352e-10, -6.44387993012497e-16, 4.864836933214078e-16, 1.5488381883412613e-05, -1.3312185258494729e-06, -9.242162633421867e-09, 5.870799497990439e-10], [-9.816037795358404e-09, -1.3933355730003194e-12, -2.1352102066952799e-13, 4.138037938234193e-11, -1.596262074889933e-10, -6.497522591297045e-16, 4.915999845066559e-16, 1.5530935907933406e-05, -1.3400069786642024e-06, -9.232501183160686e-09, 5.888971251902185e-10], [-9.816037795358404e-09, -1.3933355730003194e-12, -2.1352102066952799e-13, 4.138037938234193e-11, -1.596262074889933e-10, -6.497522591297045e-16, 4.915999845066559e-16, 1.5530935907933406e-05, -1.3400069786642024e-06, -9.232501183160686e-09, 5.888971251902185e-10], [-9.816037795358404e-09, -1.3933355730003194e-12, -2.1352102066952799e-13, 4.138037938234193e-11, -1.596262074889933e-10, -6.497522591297045e-16, 4.915999845066559e-16, 1.5530935907933406e-05, -1.3400069786642024e-06, -9.232501183160686e-09, 5.888971251902185e-10]]

[[-1.0959270820474892e-08, -1.3879878569675372e-12, -2.1145955961292763e-13, 4.0780781622484306e-11, -1.5927993838642683e-10, -5.625630535244579e-16, 4.643078442677364e-16, 1.7335527952641636e-05, -1.503399759661099e-06, -1.0749880001691083e-08, 6.783506371691538e-10], [-1.038084061212119e-08, -1.390693587497622e-12, -2.1250257649774941e-13, 4.108415411920476e-11, -1.5892531460765043e-10, -4.732701731286116e-16, 4.363572075210946e-16, 1.918366064857403e-05, -1.6707348322749809e-06, -1.2303869677565276e-08, 7.699624564382451e-10], [-9.83756997268029e-09, -1.3905482342891748e-12, -2.1639423834678856e-13, 4.15371743833439e-11, -1.6038917272965585e-10, -6.445381687858136e-16, 4.863511936026772e-16, 1.5713696551096716e-05, -1.329463277940159e-06, -9.35652748992758e-09, 5.825686837509126e-10], [-9.889601922523819e-09, -1.374108621102297e-12, -2.1374440143026308e-13, 4.0911583123979427e-11, -1.578354600178745e-10, -6.490718538576642e-16, 4.823511343150376e-16, 1.5495606010169912e-05, -1.3311622484063854e-06, -9.245829444058161e-09, 5.86935307827429e-10], [-9.816203605257092e-09, -1.393316799580007e-12, -2.1354580589389785e-13, 4.138186530582611e-11, -1.604666684973728e-10, -6.444328950377632e-16, 4.865265196523635e-16, 1.548873808533147e-05, -1.3312920903076328e-06, -9.242081761467671e-09, 5.870951606132625e-10], [-9.835680633647779e-09, -1.391111560668998e-12, -2.1645722748296548e-13, 4.1556410819191326e-11, -1.5963330202149406e-10, -6.497073571044384e-16, 4.9155715817570035e-16, 1.553057970601455e-05, -1.3399334142060426e-06, -9.232582055114885e-09, 5.88881914376e-10], [-9.816037795358404e-09, -1.3933355730003196e-12, -2.13521020669528e-13, 4.138037938234193e-11, -1.5962620748899328e-10, -6.497522591297046e-16, 4.915999845066559e-16, 1.5530935907933406e-05, -1.3400069786642026e-06, -9.232501183160686e-09, 5.888971251902185e-10], [-9.816037795358404e-09, -1.3933355730003196e-12, -2.13521020669528e-13, 4.138037938234193e-11, -1.5962620748899328e-10, -6.497522591297046e-16, 4.915999845066559e-16, 1.5530935907933406e-05, -1.3400069786642026e-06, -9.232501183160686e-09, 5.888971251902185e-10]]

[[-1.0902145800958137e-08, -1.3683258609044283e-12, -2.1021604525747964e-13, 4.0326902657991196e-11, -1.5890503416953905e-10, -5.608913616092978e-16, 4.62930342821165e-16, 1.7208530960509065e-05, -1.4821817942852875e-06, -1.0725869251761999e-08, 6.673904771385409e-10], [-1.0263055573805397e-08, -1.3811057376889162e-12, -2.120549138468642e-13, 4.0625829700226996e-11, -1.564094111803263e-10, -4.697040924503139e-16, 4.3598763137244393e-16, 1.902179903849478e-05, -1.648981301747332e-06, -1.2270670553598652e-08, 7.655107216448119e-10], [-9.726707779414298e-09, -1.3808565825829398e-12, -2.1473127709463466e-13, 4.0998476909621426e-11, -1.5868504576623506e-10, -6.369016585497239e-16, 4.787713216982579e-16, 1.555018428259957e-05, -1.3178746933992887e-06, -9.22761877961241e-09, 5.760158894398321e-10], [-9.75281103057919e-09, -1.3473355342497988e-12, -2.1139928584126122e-13, 4.0479234803220256e-11, -1.556835329245993e-10, -6.434815178025464e-16, 4.776838983041799e-16, 1.527804595945627e-05, -1.3135877675315714e-06, -9.117310678664785e-09, 5.798003093491984e-10], [-9.712804258288534e-09, -1.3732017046558142e-12, -2.1311299386643574e-13, 4.082465383459421e-11, -1.601564163862172e-10, -6.444092558528726e-16, 4.789778805125752e-16, 1.5240191469007299e-05, -1.3211403102061255e-06, -9.211948716924038e-09, 5.801672673883551e-10], [-9.797838038566074e-09, -1.3732187352205965e-12, -2.1384231680671725e-13, 4.124589408282141e-11, -1.5850632541300626e-10, -6.454897201236419e-16, 4.9005264035408235e-16, 1.5403082081717293e-05, -1.3294442963501667e-06, -9.06111178957278e-09, 5.79582031207982e-10], [-9.73723239668999e-09, -1.383708826088732e-12, -2.1183659941302535e-13, 4.094106465196516e-11, -1.5736632845184066e-10, -6.445514449681092e-16, 4.877037014731746e-16, 1.5370102535591285e-05, -1.3199320648880259e-06, -9.203362612815292e-09, 5.88105306601115e-10], [-9.778890703523268e-09, -1.3804313711871104e-12, -2.1232168013374199e-13, 4.094831959174122e-11, -1.5836211970535195e-10, -6.468879129110265e-16, 4.913343323113522e-16, 1.5345948061986325e-05, -1.3195271277935658e-06, -9.105699871670072e-09, 5.827748406937377e-10]]
===========================================================>

generation 6

[[-9.797838038566074e-09, -1.3732187352205965e-12, -2.1384231680671725e-13, 4.124589408282141e-11, -1.5850632541300626e-10, -6.454897201236419e-16, 4.9005264035408235e-16, 1.5403082081717293e-05, -1.3294442963501667e-06, -9.06111178957278e-09, 5.79582031207982e-10], [-9.712804258288534e-09, -1.3732017046558142e-12, -2.1311299386643574e-13, 4.082465383459421e-11, -1.601564163862172e-10, -6.444092558528726e-16, 4.789778805125752e-16, 1.5240191469007299e-05, -1.3211403102061255e-06, -9.211948716924038e-09, 5.801672673883551e-10], [-9.778890703523268e-09, -1.3804313711871104e-12, -2.1232168013374199e-13, 4.094831959174122e-11, -1.5836211970535195e-10, -6.468879129110265e-16, 4.913343323113522e-16, 1.5345948061986325e-05, -1.3195271277935658e-06, -9.105699871670072e-09, 5.827748406937377e-10], [-1.0902145800958137e-08, -1.3683258609044283e-12, -2.1021604525747964e-13, 4.0326902657991196e-11, -1.5890503416953905e-10, -5.608913616092978e-16, 4.62930342821165e-16, 1.7208530960509065e-05, -1.4821817942852875e-06, -1.0725869251761999e-08, 6.673904771385409e-10], [-9.712804258288534e-09, -1.3732017046558142e-12, -2.1311299386643574e-13, 4.082465383459421e-11, -1.601564163862172e-10, -6.444092558528726e-16, 4.789778805125752e-16, 1.5240191469007299e-05, -1.3211403102061255e-06, -9.211948716924038e-09, 5.801672673883551e-10], [-9.712804258288534e-09, -1.3732017046558142e-12, -2.1311299386643574e-13, 4.082465383459421e-11, -1.601564163862172e-10, -6.444092558528726e-16, 4.789778805125752e-16, 1.5240191469007299e-05, -1.3211403102061255e-06, -9.211948716924038e-09, 5.801672673883551e-10], [-1.0902145800958137e-08, -1.3683258609044283e-12, -2.1021604525747964e-13, 4.0326902657991196e-11, -1.5890503416953905e-10, -5.608913616092978e-16, 4.62930342821165e-16, 1.7208530960509065e-05, -1.4821817942852875e-06, -1.0725869251761999e-08, 6.673904771385409e-10], [-9.726707779414298e-09, -1.3808565825829398e-12, -2.1473127709463466e-13, 4.0998476909621426e-11, -1.5868504576623506e-10, -6.369016585497239e-16, 4.787713216982579e-16, 1.555018428259957e-05, -1.3178746933992887e-06, -9.22761877961241e-09, 5.760158894398321e-10]]

[[-9.731059428289614e-09, -1.373205360801105e-12, -2.1326956592776326e-13, 4.0915086275885026e-11, -1.5980217256529223e-10, -6.446412114225135e-16, 4.813554253302698e-16, 1.5275161051882427e-05, -1.327661585076467e-06, -9.093493670541148e-09, 5.79707670523659e-10], [-9.779582868564996e-09, -1.3732150790753059e-12, -2.1368574474538973e-13, 4.11554616415306e-11, -1.5886056923393127e-10, -6.452577645540012e-16, 4.876750955363879e-16, 1.5368112498842164e-05, -1.3229230214798254e-06, -9.17956683595567e-09, 5.800416280726782e-10], [-1.0841596140454389e-08, -1.3689784148429903e-12, -2.1032955061988013e-13, 4.036040046668645e-11, -1.5839138579687843e-10, -6.422522232999096e-16, 4.8980320022523e-16, 1.5446351578892848e-05, -1.3282951136748807e-06, -9.193035959569572e-09, 5.873360913586504e-10], [-9.839440364027016e-09, -1.3797788172485482e-12, -2.1220817477134148e-13, 4.0914821783045966e-11, -1.5887576807801258e-10, -5.655270512204146e-16, 4.644614749072872e-16, 1.7108127443602542e-05, -1.473413808403972e-06, -1.0638533163862496e-08, 6.628292264736281e-10], [-9.712804258288534e-09, -1.3732017046558142e-12, -2.1311299386643574e-13, 4.082465383459422e-11, -1.601564163862172e-10, -6.444092558528726e-16, 4.789778805125752e-16, 1.5240191469007299e-05, -1.3211403102061255e-06, -9.211948716924038e-09, 5.801672673883551e-10], [-9.712804258288534e-09, -1.3732017046558142e-12, -2.1311299386643574e-13, 4.082465383459422e-11, -1.601564163862172e-10, -6.444092558528726e-16, 4.789778805125752e-16, 1.5240191469007299e-05, -1.3211403102061255e-06, -9.211948716924038e-09, 5.801672673883551e-10], [-9.738778823315875e-09, -1.380727899582452e-12, -2.1468490837018205e-13, 4.0991580244611434e-11, -1.586873049152718e-10, -6.361210783621487e-16, 4.630930201788519e-16, 1.719150073417115e-05, -1.4804944588479576e-06, -1.071048311749256e-08, 6.664521148945231e-10], [-1.089007475705656e-08, -1.3684545439049161e-12, -2.1026241398193224e-13, 4.033379932300119e-11, -1.589027750205023e-10, -5.61671941796873e-16, 4.786086443405711e-16, 1.5567214508937487e-05, -1.3195620288366186e-06, -9.243004913881848e-09, 5.769542516838499e-10]]

[[-9.553355992606321e-09, -1.3578733913899853e-12, -2.1086954189604786e-13, 4.067407460717702e-11, -1.585453867719762e-10, -6.440631707284348e-16, 4.787466197428196e-16, 1.5037333374747579e-05, -1.3186498695429063e-06, -8.962492792275122e-09, 5.776614221060408e-10], [-9.726585168075613e-09, -1.3612608627385476e-12, -2.118369301637896e-13, 4.076404041756385e-11, -1.5842575780406912e-10, -6.37794271933198e-16, 4.8634815951537e-16, 1.514988904220998e-05, -1.3165956233234462e-06, -9.149991739611894e-09, 5.799851760594749e-10], [-1.07982402892283e-08, -1.3583927499805451e-12, -2.0818325591940767e-13, 4.0083141527498327e-11, -1.5681019570874638e-10, -6.395886889005645e-16, 4.848278007059804e-16, 1.5377484974377262e-05, -1.3067726077373358e-06, -9.04358019009828e-09, 5.872007620162292e-10], [-9.692311002222654e-09, -1.3673422471311347e-12, -2.1103516416253575e-13, 4.0512173564682094e-11, -1.5643232197287182e-10, -5.620353861543913e-16, 4.610322242242027e-16, 1.7049683138927143e-05, -1.4521428945143828e-06, -1.0446348174490167e-08, 6.548831956350336e-10], [-9.594859407902605e-09, -1.359615661178084e-12, -2.1264812126432387e-13, 4.0446893045271404e-11, -1.5745725856964842e-10, -6.330216457279563e-16, 4.785740635198768e-16, 1.5007360618875846e-05, -1.307071398428165e-06, -9.199764012208882e-09, 5.737670788938471e-10], [-9.688256617991418e-09, -1.3568683130865562e-12, -2.127267121407194e-13, 4.052253042636305e-11, -1.5928301742806744e-10, -6.41740832690433e-16, 4.714788467483879e-16, 1.5024755694873445e-05, -1.3205692608756398e-06, -9.118051503766761e-09, 5.719430306353477e-10], [-9.631179725745751e-09, -1.3639781044375357e-12, -2.1270691823241508e-13, 4.0650097593294856e-11, -1.568211074114312e-10, -6.318015229414773e-16, 4.580734955310618e-16, 1.6982549359775794e-05, -1.4686600572213605e-06, -1.056242031748566e-08, 6.615947383575113e-10], [-1.081174155284996e-08, -1.3669300839324893e-12, -2.0725165345134254e-13, 3.9824138277546924e-11, -1.5665944086248876e-10, -5.537271240828599e-16, 4.760891394044097e-16, 1.5503429150003667e-05, -1.315996892135965e-06, -9.114891350088806e-09, 5.750602549868517e-10]]
===========================================================>

generation 7

[[-9.594859407902605e-09, -1.359615661178084e-12, -2.1264812126432387e-13, 4.0446893045271404e-11, -1.5745725856964842e-10, -6.330216457279563e-16, 4.785740635198768e-16, 1.5007360618875846e-05, -1.307071398428165e-06, -9.199764012208882e-09, 5.737670788938471e-10], [-9.688256617991418e-09, -1.3568683130865562e-12, -2.127267121407194e-13, 4.052253042636305e-11, -1.5928301742806744e-10, -6.41740832690433e-16, 4.714788467483879e-16, 1.5024755694873445e-05, -1.3205692608756398e-06, -9.118051503766761e-09, 5.719430306353477e-10], [-1.081174155284996e-08, -1.3669300839324893e-12, -2.0725165345134254e-13, 3.9824138277546924e-11, -1.5665944086248876e-10, -5.537271240828599e-16, 4.760891394044097e-16, 1.5503429150003667e-05, -1.315996892135965e-06, -9.114891350088806e-09, 5.750602549868517e-10], [-9.688256617991418e-09, -1.3568683130865562e-12, -2.127267121407194e-13, 4.052253042636305e-11, -1.5928301742806744e-10, -6.41740832690433e-16, 4.714788467483879e-16, 1.5024755694873445e-05, -1.3205692608756398e-06, -9.118051503766761e-09, 5.719430306353477e-10], [-9.553355992606321e-09, -1.3578733913899853e-12, -2.1086954189604786e-13, 4.067407460717702e-11, -1.585453867719762e-10, -6.440631707284348e-16, 4.787466197428196e-16, 1.5037333374747579e-05, -1.3186498695429063e-06, -8.962492792275122e-09, 5.776614221060408e-10], [-9.631179725745751e-09, -1.3639781044375357e-12, -2.1270691823241508e-13, 4.0650097593294856e-11, -1.568211074114312e-10, -6.318015229414773e-16, 4.580734955310618e-16, 1.6982549359775794e-05, -1.4686600572213605e-06, -1.056242031748566e-08, 6.615947383575113e-10], [-9.726585168075613e-09, -1.3612608627385476e-12, -2.118369301637896e-13, 4.076404041756385e-11, -1.5842575780406912e-10, -6.37794271933198e-16, 4.8634815951537e-16, 1.514988904220998e-05, -1.3165956233234462e-06, -9.149991739611894e-09, 5.799851760594749e-10], [-1.081174155284996e-08, -1.3669300839324893e-12, -2.0725165345134254e-13, 3.9824138277546924e-11, -1.5665944086248876e-10, -5.537271240828599e-16, 4.760891394044097e-16, 1.5503429150003667e-05, -1.315996892135965e-06, -9.114891350088806e-09, 5.750602549868517e-10]]

[[-9.68225769886723e-09, -1.3570447757345452e-12, -2.1272166423499558e-13, 4.051767222415869e-11, -1.5916574861755896e-10, -6.335816806301426e-16, 4.781183365068293e-16, 1.5008477907646778e-05, -1.3079383684917762e-06, -9.19451560351324e-09, 5.736499199554704e-10], [-9.600858327026792e-09, -1.3594391985300949e-12, -2.1265316917004768e-13, 4.0451751247475756e-11, -1.5757452738015687e-10, -6.411807977882467e-16, 4.719345737614353e-16, 1.5023638406102512e-05, -1.3197022908120286e-06, -9.123299912462402e-09, 5.720601895737244e-10], [-9.508137437008736e-09, -1.355255191390151e-12, -2.1360448366783546e-13, 4.06344979463061e-11, -1.5970363407149122e-10, -6.558513531057694e-16, 4.707397161098469e-16, 1.4948013881947346e-05, -1.3152638415297771e-06, -9.11438470841112e-09, 5.755600141555876e-10], [-1.0991860733832642e-08, -1.3685432056288946e-12, -2.063738819242265e-13, 3.971217075760387e-11, -1.5623882421906497e-10, -5.396166036675235e-16, 4.768282700429506e-16, 1.5580170962929767e-05, -1.3213023114818277e-06, -9.118558145444448e-09, 5.714432714666118e-10], [-9.653718680421824e-09, -1.3657461235897737e-12, -2.13239050787584e-13, 4.0643153479881665e-11, -1.5904476469678715e-10, -6.476143332411487e-16, 4.847338756970773e-16, 1.4473968792337072e-05, -1.2752046031101568e-06, -8.499129078906172e-09, 5.533530378318633e-10], [-9.530817037930249e-09, -1.3561053722377474e-12, -2.1033740934087896e-13, 4.06810187205902e-11, -1.5632172948662021e-10, -6.282503604287634e-16, 4.52086239576804e-16, 1.75459139421863e-05, -1.51210532365411e-06, -1.102578403085461e-08, 6.859031226316889e-10], [-1.0758024755976266e-08, -1.366649449355225e-12, -2.074786312226832e-13, 3.987066478104894e-11, -1.5674687608352852e-10, -5.578885684315161e-16, 4.765969756086249e-16, 1.5485928407784836e-05, -1.3165659852712437e-06, -9.148254220005822e-09, 5.797413854053453e-10], [-9.780301964949308e-09, -1.361541497315812e-12, -2.1160995239244894e-13, 4.0717513914061837e-11, -1.5833832258302936e-10, -6.336328275845418e-16, 4.858403233111549e-16, 1.5167389784428813e-05, -1.3160265301881676e-06, -9.116628869694879e-09, 5.753040456409814e-10]]

[[-9.502473755496801e-09, -1.3371181959313775e-12, -2.1060560002997362e-13, 4.0491044548691566e-11, -1.5753641779821634e-10, -6.304841712658093e-16, 4.718889404341618e-16, 1.497542929534245e-05, -1.2976007060039894e-06, -9.06605678884815e-09, 5.717788176944046e-10], [-9.430367091037854e-09, -1.3520555933999993e-12, -2.101429724043792e-13, 4.0401596849838364e-11, -1.5589169956701447e-10, -6.332325827181564e-16, 4.65303285067078e-16, 1.5023491954089877e-05, -1.3019681524662983e-06, -8.996806188844165e-09, 5.678738691844842e-10], [-9.481370978955127e-09, -1.339265837441733e-12, -2.1135239702067373e-13, 4.044059765031685e-11, -1.5892632575283554e-10, -6.494019846862145e-16, 4.698833012831608e-16, 1.4790173482124774e-05, -1.315247607471958e-06, -9.016216677333571e-09, 5.729003337747768e-10], [-1.0797479654448695e-08, -1.3446648552830608e-12, -2.0458185491917495e-13, 3.9693863504240824e-11, -1.5435456422481126e-10, -5.392071625895255e-16, 4.730600371565012e-16, 1.54662165053072e-05, -1.3183701280312058e-06, -9.062887094199016e-09, 5.664011386505571e-10], [-9.541497317725416e-09, -1.360043290902062e-12, -2.103118828497643e-13, 4.019928635926314e-11, -1.5884309919420573e-10, -6.385914070647926e-16, 4.798790238463113e-16, 1.4346522817372463e-05, -1.2705239401402057e-06, -8.44728862985632e-09, 5.437152499702863e-10], [-9.394464776783426e-09, -1.3440036370422775e-12, -2.0868896538040846e-13, 4.037688792268226e-11, -1.550872185067376e-10, -6.215732377024062e-16, 4.450719570862e-16, 1.734639989448625e-05, -1.4912270456197706e-06, -1.090889821587785e-08, 6.81163946887635e-10], [-1.0743215870307224e-08, -1.3666483074303107e-12, -2.061273009962705e-13, 3.9394165544616096e-11, -1.5641508619375885e-10, -5.497172144603001e-16, 4.751170491719732e-16, 1.527489852650206e-05, -1.3144064501944895e-06, -9.128609939384805e-09, 5.728889607798419e-10], [-9.615902054972402e-09, -1.3422461934535372e-12, -2.07763474318438e-13, 4.043012333909424e-11, -1.565993275583624e-10, -6.308559446764357e-16, 4.788483786153122e-16, 1.4988144926609326e-05, -1.3091482411701417e-06, -9.002326526305167e-09, 5.662342171360222e-10]]
===========================================================>

generation 8

[[-1.0743215870307224e-08, -1.3666483074303107e-12, -2.061273009962705e-13, 3.9394165544616096e-11, -1.5641508619375885e-10, -5.497172144603001e-16, 4.751170491719732e-16, 1.527489852650206e-05, -1.3144064501944895e-06, -9.128609939384805e-09, 5.728889607798419e-10], [-1.0797479654448695e-08, -1.3446648552830608e-12, -2.0458185491917495e-13, 3.9693863504240824e-11, -1.5435456422481126e-10, -5.392071625895255e-16, 4.730600371565012e-16, 1.54662165053072e-05, -1.3183701280312058e-06, -9.062887094199016e-09, 5.664011386505571e-10], [-9.615902054972402e-09, -1.3422461934535372e-12, -2.07763474318438e-13, 4.043012333909424e-11, -1.565993275583624e-10, -6.308559446764357e-16, 4.788483786153122e-16, 1.4988144926609326e-05, -1.3091482411701417e-06, -9.002326526305167e-09, 5.662342171360222e-10], [-9.430367091037854e-09, -1.3520555933999993e-12, -2.101429724043792e-13, 4.0401596849838364e-11, -1.5589169956701447e-10, -6.332325827181564e-16, 4.65303285067078e-16, 1.5023491954089877e-05, -1.3019681524662983e-06, -8.996806188844165e-09, 5.678738691844842e-10], [-1.0743215870307224e-08, -1.3666483074303107e-12, -2.061273009962705e-13, 3.9394165544616096e-11, -1.5641508619375885e-10, -5.497172144603001e-16, 4.751170491719732e-16, 1.527489852650206e-05, -1.3144064501944895e-06, -9.128609939384805e-09, 5.728889607798419e-10], [-9.481370978955127e-09, -1.339265837441733e-12, -2.1135239702067373e-13, 4.044059765031685e-11, -1.5892632575283554e-10, -6.494019846862145e-16, 4.698833012831608e-16, 1.4790173482124774e-05, -1.315247607471958e-06, -9.016216677333571e-09, 5.729003337747768e-10], [-9.502473755496801e-09, -1.3371181959313775e-12, -2.1060560002997362e-13, 4.0491044548691566e-11, -1.5753641779821634e-10, -6.304841712658093e-16, 4.718889404341618e-16, 1.497542929534245e-05, -1.2976007060039894e-06, -9.06605678884815e-09, 5.717788176944046e-10], [-1.0797479654448695e-08, -1.3446648552830608e-12, -2.0458185491917495e-13, 3.9693863504240824e-11, -1.5435456422481126e-10, -5.392071625895255e-16, 4.730600371565012e-16, 1.54662165053072e-05, -1.3183701280312058e-06, -9.062887094199016e-09, 5.664011386505571e-10]]

[[-1.0795281808224568e-08, -1.3455552511162956e-12, -2.046444501266209e-13, 3.968172483681537e-11, -1.5443802155276644e-10, -5.396328512543511e-16, 4.731433523207994e-16, 1.5458467552594497e-05, -1.314566991050696e-06, -9.125947966774234e-09, 5.726261844992109e-10], [-1.0745413716531351e-08, -1.3657579115970759e-12, -2.0606470578882454e-13, 3.940630421204155e-11, -1.5633162886580367e-10, -5.492915257954745e-16, 4.75033734007675e-16, 1.5282647479214762e-05, -1.3182095871749992e-06, -9.065549066809586e-09, 5.666639149311881e-10], [-9.450947885012589e-09, -1.3509674683639811e-12, -2.0987902237128835e-13, 4.040476120110535e-11, -1.559701944533251e-10, -6.329689499405284e-16, 4.668057985220787e-16, 1.501957102255886e-05, -1.3083517771333886e-06, -9.001714173110132e-09, 5.664160984390609e-10], [-9.595321260997666e-09, -1.3433343184895554e-12, -2.0802742435152882e-13, 4.042695898782725e-11, -1.565208326720518e-10, -6.311195774540636e-16, 4.773458651603115e-16, 1.4992065858140339e-05, -1.3027646165030512e-06, -8.997418542039199e-09, 5.676919878814455e-10], [-9.147588716847773e-09, -1.3320226470642844e-12, -2.1273453549324356e-13, 4.071739908429364e-11, -1.5959059695325537e-10, -6.757705251714119e-16, 4.684988742259212e-16, 1.4661954377763244e-05, -1.3141839479037676e-06, -9.158340120574416e-09, 5.72885952403771e-10], [-1.1076998132414576e-08, -1.3738914978077591e-12, -2.0474516252370063e-13, 3.91173641106393e-11, -1.55750814993339e-10, -5.233486739751026e-16, 4.765014762292128e-16, 1.5403117630863588e-05, -1.3154701097626797e-06, -8.986486496143957e-09, 5.729033421508476e-10], [-1.0919075549235232e-08, -1.345373456531333e-12, -2.040162492510414e-13, 3.961901138002633e-11, -1.5405580085033468e-10, -6.390547187454881e-16, 4.717789791174222e-16, 1.4929346331555372e-05, -1.2956505400181493e-06, -9.066354410548075e-09, 5.722837603326897e-10], [-9.380877860710265e-09, -1.3364095946831053e-12, -2.111712056981072e-13, 4.056589667290606e-11, -1.5783518117269292e-10, -5.306366151098467e-16, 4.731699984732408e-16, 1.5512299469094278e-05, -1.3203202940170461e-06, -9.06258947249909e-09, 5.658961960122721e-10]]

[[-1.0729300142469312e-08, -1.3417765775451358e-12, -2.0404925272714084e-13, 3.96379404140942e-11, -1.540661843209195e-10, -5.32279709124756e-16, 4.68083443464789e-16, 1.5378707973104743e-05, -1.299499865147339e-06, -9.106586671720998e-09, 5.706178255131071e-10], [-1.073328105361531e-08, -1.349280809640961e-12, -2.0475804137752338e-13, 3.920128713897554e-11, -1.5501360996145278e-10, -5.442573913962499e-16, 4.749273735078125e-16, 1.523170576386757e-05, -1.314741641742482e-06, -8.983675416143356e-09, 5.616231900440601e-10], [-9.419774960100103e-09, -1.3436669166290127e-12, -2.0949597277010799e-13, 4.0330566724477456e-11, -1.5432594108468107e-10, -6.28985849036089e-16, 4.626930001324302e-16, 1.48091139978176e-05, -1.302410841453709e-06, -8.945580042629513e-09, 5.640300437182176e-10], [-9.539548851727036e-09, -1.3432491503797953e-12, -2.0799989048351022e-13, 4.016449122900695e-11, -1.5445760880964474e-10, -6.231814986211593e-16, 4.717915803803747e-16, 1.4751121515073838e-05, -1.2797539027184795e-06, -8.92772295991698e-09, 5.592537488880043e-10], [-9.131673887912617e-09, -1.3075991203004805e-12, -2.110626071097777e-13, 4.042323583832003e-11, -1.5694789276542213e-10, -6.726664816665867e-16, 4.659360286641399e-16, 1.4544427917610485e-05, -1.2950774262976306e-06, -9.086974206785137e-09, 5.649165050481966e-10], [-1.0953004266363207e-08, -1.368005493283853e-12, -2.0200809485915368e-13, 3.871234297046436e-11, -1.5551065185031405e-10, -5.192273832630576e-16, 4.724775018725957e-16, 1.523201837120356e-05, -1.304838487484583e-06, -8.961455503586041e-09, 5.665871141526921e-10], [-1.0823980963081922e-08, -1.3346332581563526e-12, -2.018513510862645e-13, 3.926266766256964e-11, -1.532567075064415e-10, -6.311319145441402e-16, 4.709819958377807e-16, 1.4849733414842172e-05, -1.2795602929938025e-06, -8.918111260865544e-09, 5.652449853945193e-10], [-9.267369715742273e-09, -1.3116145836763509e-12, -2.0954048567066053e-13, 4.040311134768226e-11, -1.5770047096351397e-10, -5.27513919374847e-16, 4.708769247756951e-16, 1.5372821070301733e-05, -1.3097957743752026e-06, -9.051327757651625e-09, 5.604079859629581e-10]]
===========================================================>

generation 9

[[-1.0823980963081922e-08, -1.3346332581563526e-12, -2.018513510862645e-13, 3.926266766256964e-11, -1.532567075064415e-10, -6.311319145441402e-16, 4.709819958377807e-16, 1.4849733414842172e-05, -1.2795602929938025e-06, -8.918111260865544e-09, 5.652449853945193e-10], [-1.0953004266363207e-08, -1.368005493283853e-12, -2.0200809485915368e-13, 3.871234297046436e-11, -1.5551065185031405e-10, -5.192273832630576e-16, 4.724775018725957e-16, 1.523201837120356e-05, -1.304838487484583e-06, -8.961455503586041e-09, 5.665871141526921e-10], [-9.539548851727036e-09, -1.3432491503797953e-12, -2.0799989048351022e-13, 4.016449122900695e-11, -1.5445760880964474e-10, -6.231814986211593e-16, 4.717915803803747e-16, 1.4751121515073838e-05, -1.2797539027184795e-06, -8.92772295991698e-09, 5.592537488880043e-10], [-9.539548851727036e-09, -1.3432491503797953e-12, -2.0799989048351022e-13, 4.016449122900695e-11, -1.5445760880964474e-10, -6.231814986211593e-16, 4.717915803803747e-16, 1.4751121515073838e-05, -1.2797539027184795e-06, -8.92772295991698e-09, 5.592537488880043e-10], [-9.539548851727036e-09, -1.3432491503797953e-12, -2.0799989048351022e-13, 4.016449122900695e-11, -1.5445760880964474e-10, -6.231814986211593e-16, 4.717915803803747e-16, 1.4751121515073838e-05, -1.2797539027184795e-06, -8.92772295991698e-09, 5.592537488880043e-10], [-9.419774960100103e-09, -1.3436669166290127e-12, -2.0949597277010799e-13, 4.0330566724477456e-11, -1.5432594108468107e-10, -6.28985849036089e-16, 4.626930001324302e-16, 1.48091139978176e-05, -1.302410841453709e-06, -8.945580042629513e-09, 5.640300437182176e-10], [-9.539548851727036e-09, -1.3432491503797953e-12, -2.0799989048351022e-13, 4.016449122900695e-11, -1.5445760880964474e-10, -6.231814986211593e-16, 4.717915803803747e-16, 1.4751121515073838e-05, -1.2797539027184795e-06, -8.92772295991698e-09, 5.592537488880043e-10], [-1.0729300142469312e-08, -1.3417765775451358e-12, -2.0404925272714084e-13, 3.96379404140942e-11, -1.540661843209195e-10, -5.32279709124756e-16, 4.68083443464789e-16, 1.5378707973104743e-05, -1.299499865147339e-06, -9.106586671720998e-09, 5.706178255131071e-10]]

[[-1.0948982194594585e-08, -1.3669651732691848e-12, -2.0200320865109815e-13, 3.872949836295084e-11, -1.5544038914828285e-10, -6.276434900146171e-16, 4.710286155758394e-16, 1.4861650467742282e-05, -1.2803482957021308e-06, -8.91946244046291e-09, 5.652868238690493e-10], [-1.0828003034850544e-08, -1.3356735781710209e-12, -2.0185623729432004e-13, 3.924551227008316e-11, -1.533269702084727e-10, -5.227158077925805e-16, 4.72430882134537e-16, 1.522010131830345e-05, -1.3040504847762548e-06, -8.960104323988675e-09, 5.665452756781621e-10], [-9.539548851727036e-09, -1.3432491503797953e-12, -2.0799989048351022e-13, 4.016449122900695e-11, -1.5445760880964474e-10, -6.231814986211593e-16, 4.717915803803747e-16, 1.4751121515073838e-05, -1.2797539027184795e-06, -8.92772295991698e-09, 5.592537488880043e-10], [-9.539548851727036e-09, -1.3432491503797953e-12, -2.0799989048351022e-13, 4.016449122900695e-11, -1.5445760880964474e-10, -6.231814986211593e-16, 4.717915803803747e-16, 1.4751121515073838e-05, -1.2797539027184795e-06, -8.92772295991698e-09, 5.592537488880043e-10], [-9.410948055071085e-09, -1.343697704499024e-12, -2.0960622865375688e-13, 4.0342805891179425e-11, -1.5431623764691302e-10, -6.227537388717532e-16, 4.724621130203063e-16, 1.4746847677673859e-05, -1.2780841678226053e-06, -8.926406957146612e-09, 5.589017531376433e-10], [-9.548375756756054e-09, -1.343218362509784e-12, -2.078896345998613e-13, 4.015225206230498e-11, -1.544673122474128e-10, -6.294136087854951e-16, 4.620224674924985e-16, 1.4813387835217579e-05, -1.3040805763495832e-06, -8.946896045399881e-09, 5.643820394685786e-10], [-1.118944803978026e-08, -1.341207045661642e-12, -2.0252130510415783e-13, 3.9434291758955274e-11, -1.5391479708827313e-10, -4.971225568492781e-16, 4.666492854034153e-16, 1.4508396341089303e-05, -1.2721169594659516e-06, -8.858545677629267e-09, 5.548585815916032e-10], [-9.079400954416088e-09, -1.3438186822632893e-12, -2.0952783810649323e-13, 4.036813988414588e-11, -1.5460899604229112e-10, -6.583386508966372e-16, 4.732257384417484e-16, 1.5621433147089283e-05, -1.3071368083998672e-06, -9.175763954008713e-09, 5.750129928095083e-10]]

[[-1.0904162983750495e-08, -1.346094220651395e-12, -2.01702978016648e-13, 3.851079344673231e-11, -1.5344325683932172e-10, -6.211877462046966e-16, 4.66258878502602e-16, 1.459429863444159e-05, -1.275560783970669e-06, -8.839756271566186e-09, 5.6051929045451e-10], [-1.0706843004825088e-08, -1.335096065263531e-12, -2.005168005261695e-13, 3.910592745379443e-11, -1.5314568316502212e-10, -5.194350156956613e-16, 4.658872106513302e-16, 1.5148161126787852e-05, -1.2994645080843812e-06, -8.939285862825532e-09, 5.621788292810827e-10], [-9.421049520576301e-09, -1.3194991193994736e-12, -2.0600790836846117e-13, 4.008978494601944e-11, -1.5247433964522988e-10, -6.135556456125669e-16, 4.662129661715026e-16, 1.466548722604137e-05, -1.272167868440833e-06, -8.87539799823284e-09, 5.501343212950289e-10], [-9.492794992192668e-09, -1.3382289954122431e-12, -2.0791030610533217e-13, 3.979267095049835e-11, -1.5280454010848284e-10, -6.225637973594548e-16, 4.626436914022895e-16, 1.4616063857649727e-05, -1.2646061927962694e-06, -8.83757669038023e-09, 5.536148871799396e-10], [-9.364083148021068e-09, -1.3401168169102113e-12, -2.0567780584059142e-13, 4.000504063943744e-11, -1.5421067277385e-10, -6.168359211190894e-16, 4.678535119881988e-16, 1.4689506149006555e-05, -1.2631792661974853e-06, -8.870073152972168e-09, 5.556951718424141e-10], [-9.51746820685203e-09, -1.3303422028908573e-12, -2.078542706597536e-13, 3.9959560344915595e-11, -1.5423156534898348e-10, -6.286880259071449e-16, 4.598641966536743e-16, 1.4726268472042416e-05, -1.2875120701168475e-06, -8.885817429697186e-09, 5.608852938787829e-10], [-1.1062599894568128e-08, -1.3269517241018282e-12, -2.019251458338228e-13, 3.936849043701195e-11, -1.5383465324132515e-10, -4.953347878028296e-16, 4.621515461166916e-16, 1.4297777216514534e-05, -1.2693539868039027e-06, -8.85174588289823e-09, 5.478609304417201e-10], [-8.969645450889885e-09, -1.3284847533983953e-12, -2.084895616546296e-13, 3.98057486055908e-11, -1.5371206403818163e-10, -6.535321471030696e-16, 4.665652782324485e-16, 1.553621159835558e-05, -1.2909152226973188e-06, -9.172427910522312e-09, 5.713441769457069e-10]]
===========================================================>

