Best Vector
[-3.01543401855008e-09, -1.3645003026899345e-12, -2.1612621128946847e-13, 4.164708228447588e-11, -1.471891848264505e-10, -1.8235880109593883e-16, 5.269522657719392e-16, 1.5048576717485805e-05, -1.284678667484913e-06, -8.920369115275326e-09, 5.510743176411775e-10]
===========================================================>


generation 1

[[-1.2552465106184775e-08, -1.4277166679808983e-12, -2.2382975031836467e-13, 4.491326950039392e-11, -1.7078541200876765e-10, -1.7869721038024014e-15, 8.18001154580759e-16, 2.265120150419746e-05, -2.0182141867364566e-06, -1.5943396547999023e-08, 9.836253354736863e-10], [-1.7312973895835438e-08, -1.3546621470186699e-12, -2.1691341184325366e-13, 4.398552987264274e-11, -1.6428370880833865e-10, -1.752565214805556e-15, 8.131383117078076e-16, 2.1850136000246745e-05, -1.9947793250973912e-06, -1.5488457549998758e-08, 9.7063435614779e-10], [-1.7312973895835438e-08, -1.3546621470186699e-12, -2.1691341184325366e-13, 4.398552987264274e-11, -1.6428370880833865e-10, -1.752565214805556e-15, 8.131383117078076e-16, 2.1850136000246745e-05, -1.9947793250973912e-06, -1.5488457549998758e-08, 9.7063435614779e-10], [-4.055602815799549e-10, -1.4128371947304094e-12, -2.2176453661837746e-13, 4.272808295025534e-11, -1.5093181158763617e-10, -3.6674484141504946e-16, 5.435020211172908e-16, 1.550882276478362e-05, -1.3285480590260884e-06, -9.28563588135342e-09, 5.774766039414713e-10], [-1.7312973895835438e-08, -1.3546621470186699e-12, -2.1691341184325366e-13, 4.398552987264274e-11, -1.6428370880833865e-10, -1.752565214805556e-15, 8.131383117078076e-16, 2.1850136000246745e-05, -1.9947793250973912e-06, -1.5488457549998758e-08, 9.7063435614779e-10], [-4.055602815799549e-10, -1.4128371947304094e-12, -2.2176453661837746e-13, 4.272808295025534e-11, -1.5093181158763617e-10, -3.6674484141504946e-16, 5.435020211172908e-16, 1.550882276478362e-05, -1.3285480590260884e-06, -9.28563588135342e-09, 5.774766039414713e-10], [-4.055602815799549e-10, -1.4128371947304094e-12, -2.2176453661837746e-13, 4.272808295025534e-11, -1.5093181158763617e-10, -3.6674484141504946e-16, 5.435020211172908e-16, 1.550882276478362e-05, -1.3285480590260884e-06, -9.28563588135342e-09, 5.774766039414713e-10], [-4.055602815799549e-10, -1.4128371947304094e-12, -2.2176453661837746e-13, 4.272808295025534e-11, -1.5093181158763617e-10, -3.6674484141504946e-16, 5.435020211172908e-16, 1.550882276478362e-05, -1.3285480590260884e-06, -9.28563588135342e-09, 5.774766039414713e-10]]

[[-1.7548919463621076e-08, -1.3510413385737376e-12, -2.1657061667563306e-13, 4.3939548221752217e-11, -1.711076565672766e-10, -1.788677415843364e-15, 8.182421721428324e-16, 2.2690904792966517e-05, -2.0193756911007437e-06, -1.5965944734534118e-08, 9.842692086663592e-10], [-1.231651953839914e-08, -1.4313374764258306e-12, -2.2417254548598528e-13, 4.4959251151284445e-11, -1.639614642498297e-10, -1.7508599027645938e-15, 8.128972941457341e-16, 2.181043271147769e-05, -1.993617820733104e-06, -1.5465909363463663e-08, 9.699904829551172e-10], [-5.999885733964182e-09, -1.393588233444394e-12, -2.2015939632777234e-13, 4.314414702033894e-11, -1.553496876840969e-10, -8.25285122274708e-16, 6.327192838963336e-16, 1.9751922113482814e-05, -1.774336706611123e-06, -1.3436067756432388e-08, 8.405463089661968e-10], [-1.171864844345121e-08, -1.3739111083046851e-12, -2.1851855213385873e-13, 4.356946580255914e-11, -1.598658327118779e-10, -1.2940249339458972e-15, 7.239210489287647e-16, 1.7607036651547546e-05, -1.5489906775123565e-06, -1.1338025674919786e-08, 7.075646511230646e-10], [2.1339824255048338e-09, -1.4215752561229627e-12, -2.224931896711091e-13, 4.2539210764706936e-11, -1.6628920261041793e-10, -1.9607194661220337e-15, 8.536384669034663e-16, 2.2802619694552447e-05, -2.094849199271209e-06, -1.6420139408108278e-08, 1.029687794191535e-09], [-1.9852516602920226e-08, -1.3459240856261161e-12, -2.16184758790522e-13, 4.417440205819114e-11, -1.4892631778555684e-10, -1.585905900985713e-16, 5.03001865921632e-16, 1.4556339070477913e-05, -1.2284781848522704e-06, -8.353954023243896e-09, 5.184231658977264e-10], [-4.0556028157995483e-10, -1.4128371947304094e-12, -2.2176453661837746e-13, 4.272808295025534e-11, -1.5093181158763617e-10, -3.6674484141504946e-16, 5.435020211172908e-16, 1.550882276478362e-05, -1.3285480590260882e-06, -9.28563588135342e-09, 5.774766039414713e-10], [-4.0556028157995483e-10, -1.4128371947304094e-12, -2.2176453661837746e-13, 4.272808295025534e-11, -1.5093181158763617e-10, -3.6674484141504946e-16, 5.435020211172908e-16, 1.550882276478362e-05, -1.3285480590260882e-06, -9.28563588135342e-09, 5.774766039414713e-10]]

[[-1.7531016657696597e-08, -1.3403117203216405e-12, -2.1630935772408888e-13, 4.384836941049337e-11, -1.6949145122944257e-10, -1.7793487485246777e-15, 8.141547023746199e-16, 2.2433431178138512e-05, -2.009196495399287e-06, -1.592993115591722e-08, 9.758019633024337e-10], [-1.2199308764918348e-08, -1.4157030559239885e-12, -2.219907442581334e-13, 4.4455943122443945e-11, -1.638658903893245e-10, -1.733974653964115e-15, 8.055291200001024e-16, 2.1749548919116864e-05, -1.9808649760530924e-06, -1.5418524062671575e-08, 9.67805725818414e-10], [-5.957108045374361e-09, -1.386332715984426e-12, -2.1985265523065465e-13, 4.30262432532505e-11, -1.5377815247223132e-10, -8.221489275301804e-16, 6.27781965960119e-16, 1.9703214606191177e-05, -1.756917884534617e-06, -1.3381487597627185e-08, 8.357888796993411e-10], [-1.1612422200071906e-08, -1.3651207238945464e-12, -2.1841312730347262e-13, 4.3346758045196e-11, -1.591635423902601e-10, -1.2839610418147292e-15, 7.169530782555037e-16, 1.750355391261139e-05, -1.5440115242268088e-06, -1.1275125759557407e-08, 6.996237505616144e-10], [2.1121882162036677e-09, -1.4103820995673279e-12, -2.206377898474691e-13, 4.229187498867557e-11, -1.6587431766791306e-10, -1.9469199629208037e-15, 8.454105660111917e-16, 2.2573256267577487e-05, -2.0887241445233274e-06, -1.6254145623792432e-08, 1.0270640342826417e-09], [-1.9831672321641703e-08, -1.3348149980427831e-12, -2.143336765863872e-13, 4.381816480292056e-11, -1.4759069166757262e-10, -1.5799672120598953e-16, 4.995954413594081e-16, 1.4455250546976623e-05, -1.2179009204098614e-06, -8.338111425322616e-09, 5.173541450575355e-10], [-4.017713989688367e-10, -1.4074699125790988e-12, -2.215929414397098e-13, 4.256890407457019e-11, -1.4926113338822226e-10, -3.6444382236476963e-16, 5.404164639230497e-16, 1.5481693086203545e-05, -1.3277569929310525e-06, -9.256540693956293e-09, 5.720774513065111e-10], [-4.046443801366528e-10, -1.4115245350819005e-12, -2.206226005905518e-13, 4.2388960802561206e-11, -1.4947501468088598e-10, -3.6389138656072756e-16, 5.4014672580697e-16, 1.5474740137666034e-05, -1.3144160317351874e-06, -9.215446283717382e-09, 5.725097958332113e-10]]
===========================================================>

generation 2

[[-1.9831672321641703e-08, -1.3348149980427831e-12, -2.143336765863872e-13, 4.381816480292056e-11, -1.4759069166757262e-10, -1.5799672120598953e-16, 4.995954413594081e-16, 1.4455250546976623e-05, -1.2179009204098614e-06, -8.338111425322616e-09, 5.173541450575355e-10], [-4.046443801366528e-10, -1.4115245350819005e-12, -2.206226005905518e-13, 4.2388960802561206e-11, -1.4947501468088598e-10, -3.6389138656072756e-16, 5.4014672580697e-16, 1.5474740137666034e-05, -1.3144160317351874e-06, -9.215446283717382e-09, 5.725097958332113e-10], [-1.9831672321641703e-08, -1.3348149980427831e-12, -2.143336765863872e-13, 4.381816480292056e-11, -1.4759069166757262e-10, -1.5799672120598953e-16, 4.995954413594081e-16, 1.4455250546976623e-05, -1.2179009204098614e-06, -8.338111425322616e-09, 5.173541450575355e-10], [-1.7531016657696597e-08, -1.3403117203216405e-12, -2.1630935772408888e-13, 4.384836941049337e-11, -1.6949145122944257e-10, -1.7793487485246777e-15, 8.141547023746199e-16, 2.2433431178138512e-05, -2.009196495399287e-06, -1.592993115591722e-08, 9.758019633024337e-10], [-4.046443801366528e-10, -1.4115245350819005e-12, -2.206226005905518e-13, 4.2388960802561206e-11, -1.4947501468088598e-10, -3.6389138656072756e-16, 5.4014672580697e-16, 1.5474740137666034e-05, -1.3144160317351874e-06, -9.215446283717382e-09, 5.725097958332113e-10], [-1.2199308764918348e-08, -1.4157030559239885e-12, -2.219907442581334e-13, 4.4455943122443945e-11, -1.638658903893245e-10, -1.733974653964115e-15, 8.055291200001024e-16, 2.1749548919116864e-05, -1.9808649760530924e-06, -1.5418524062671575e-08, 9.67805725818414e-10], [-4.046443801366528e-10, -1.4115245350819005e-12, -2.206226005905518e-13, 4.2388960802561206e-11, -1.4947501468088598e-10, -3.6389138656072756e-16, 5.4014672580697e-16, 1.5474740137666034e-05, -1.3144160317351874e-06, -9.215446283717382e-09, 5.725097958332113e-10], [-4.046443801366528e-10, -1.4115245350819005e-12, -2.206226005905518e-13, 4.2388960802561206e-11, -1.4947501468088598e-10, -3.6389138656072756e-16, 5.4014672580697e-16, 1.5474740137666034e-05, -1.3144160317351874e-06, -9.215446283717382e-09, 5.725097958332113e-10]]

[[-1.0948915607681763e-10, -1.4126899846123425e-12, -2.2071814833872687e-13, 4.236724687759938e-11, -1.4950364323811411e-10, -1.5486855943731942e-16, 4.989793448837624e-16, 1.443976142123528e-05, -1.2164345643931738e-06, -8.324782059272148e-09, 5.165161641521764e-10], [-2.0126827545701542e-08, -1.3336495485123415e-12, -2.1423812883821216e-13, 4.3839878727882396e-11, -1.475620631103445e-10, -3.6701954832939773e-16, 5.407628222826159e-16, 1.5490229263407384e-05, -1.3158823877518753e-06, -9.228775649767852e-09, 5.733477767385706e-10], [-1.731345230154818e-08, -1.3408315246810097e-12, -2.1649619046112762e-13, 4.385122574666843e-11, -1.7156252371886885e-10, -1.9326739137989253e-15, 8.439013890108728e-16, 1.370078400100162e-05, -1.1430710729912988e-06, -7.620181577076947e-09, 4.740004585553748e-10], [-2.0049236677790115e-08, -1.3342951936834137e-12, -2.1414684384934838e-13, 4.381530846674549e-11, -1.4551961917814632e-10, -4.671555931741908e-18, 4.69848754723155e-16, 2.3187897724113512e-05, -2.084026342817849e-06, -1.664786100416289e-08, 1.0191556498045944e-09], [-1.1934336830699509e-08, -1.4156091837531846e-12, -2.219600083539939e-13, 4.440950752364877e-11, -1.6354259351141688e-10, -1.7031951759254557e-15, 7.995671965402275e-16, 1.5615706269930013e-05, -1.3293880784228294e-06, -9.35480094982557e-09, 5.8139027973169e-10], [-6.696163143554923e-10, -1.4116184072527043e-12, -2.2065333649469132e-13, 4.243539640135638e-11, -1.497983115587936e-10, -3.9467086459938666e-16, 5.46108649266845e-16, 2.1608582786852885e-05, -1.9658929293654504e-06, -1.5279169396563387e-08, 9.589252419199354e-10], [-4.0464438013665285e-10, -1.4115245350819007e-12, -2.2062260059055183e-13, 4.238896080256121e-11, -1.49475014680886e-10, -3.638913865607276e-16, 5.4014672580697e-16, 1.5474740137666038e-05, -1.3144160317351874e-06, -9.215446283717383e-09, 5.725097958332113e-10], [-4.0464438013665285e-10, -1.4115245350819007e-12, -2.2062260059055183e-13, 4.238896080256121e-11, -1.49475014680886e-10, -3.638913865607276e-16, 5.4014672580697e-16, 1.5474740137666038e-05, -1.3144160317351874e-06, -9.215446283717383e-09, 5.725097958332113e-10]]

[[-1.0880427387934679e-10, -1.4091226812460296e-12, -2.2013861778466318e-13, 4.228653688942388e-11, -1.4895415854948662e-10, -1.543052202184767e-16, 4.949218441366527e-16, 1.4351498287236817e-05, -1.2092409449318138e-06, -8.238014988122817e-09, 5.121520350282598e-10], [-2.004879988381971e-08, -1.3268177636489976e-12, -2.134329976001611e-13, 4.3748857900824706e-11, -1.4707281861463658e-10, -3.6345950564699136e-16, 5.369561086325042e-16, 1.5365704520448602e-05, -1.3155219914968316e-06, -9.158753510973267e-09, 5.677053453377403e-10], [-1.729958486503823e-08, -1.3303312492039923e-12, -2.1428666908119396e-13, 4.3818167223390715e-11, -1.7112054410364333e-10, -1.9314029842468568e-15, 8.378578736471404e-16, 1.3598739207653507e-05, -1.1342578907629262e-06, -7.614041361763344e-09, 4.728040096369598e-10], [-2.0026984640829297e-08, -1.332361866361978e-12, -2.1177651751357808e-13, 4.332732760441307e-11, -1.439877648992223e-10, -4.634687987821608e-18, 4.684882862608521e-16, 2.318475701107263e-05, -2.077297821854226e-06, -1.6645517978645288e-08, 1.0178441383375728e-09], [-1.1834471346385796e-08, -1.4076462692205123e-12, -2.2107095990008458e-13, 4.399739804617134e-11, -1.619176616670075e-10, -1.701279368842276e-15, 7.947544262869104e-16, 1.5544532332815438e-05, -1.3206599892843264e-06, -9.285214035497456e-09, 5.810464949583932e-10], [-6.6508482688963e-10, -1.4074729518448793e-12, -2.203434569501218e-13, 4.2081162794286984e-11, -1.4897526855849957e-10, -3.932520111035812e-16, 5.452922308843335e-16, 2.1431527473540596e-05, -1.964730924244245e-06, -1.5121462875093787e-08, 9.54641791758873e-10], [-4.036076663777936e-10, -1.3997406130712599e-12, -2.1881190885723555e-13, 4.20836126905167e-11, -1.4782056619397922e-10, -3.61879687552844e-16, 5.342887724274975e-16, 1.5432048214193608e-05, -1.3010366666497623e-06, -9.153297154748236e-09, 5.701225756308765e-10], [-3.9977977882930047e-10, -1.4004653282836577e-12, -2.1818283284403526e-13, 4.225747580226522e-11, -1.4885344167492406e-10, -3.6255139734131165e-16, 5.357509744965692e-16, 1.541017260601124e-05, -1.3098369196725862e-06, -9.197232188523821e-09, 5.674353595110786e-10]]
===========================================================>

generation 3

[[-1.1834471346385796e-08, -1.4076462692205123e-12, -2.2107095990008458e-13, 4.399739804617134e-11, -1.619176616670075e-10, -1.701279368842276e-15, 7.947544262869104e-16, 1.5544532332815438e-05, -1.3206599892843264e-06, -9.285214035497456e-09, 5.810464949583932e-10], [-6.6508482688963e-10, -1.4074729518448793e-12, -2.203434569501218e-13, 4.2081162794286984e-11, -1.4897526855849957e-10, -3.932520111035812e-16, 5.452922308843335e-16, 2.1431527473540596e-05, -1.964730924244245e-06, -1.5121462875093787e-08, 9.54641791758873e-10], [-2.004879988381971e-08, -1.3268177636489976e-12, -2.134329976001611e-13, 4.3748857900824706e-11, -1.4707281861463658e-10, -3.6345950564699136e-16, 5.369561086325042e-16, 1.5365704520448602e-05, -1.3155219914968316e-06, -9.158753510973267e-09, 5.677053453377403e-10], [-1.0880427387934679e-10, -1.4091226812460296e-12, -2.2013861778466318e-13, 4.228653688942388e-11, -1.4895415854948662e-10, -1.543052202184767e-16, 4.949218441366527e-16, 1.4351498287236817e-05, -1.2092409449318138e-06, -8.238014988122817e-09, 5.121520350282598e-10], [-1.1834471346385796e-08, -1.4076462692205123e-12, -2.2107095990008458e-13, 4.399739804617134e-11, -1.619176616670075e-10, -1.701279368842276e-15, 7.947544262869104e-16, 1.5544532332815438e-05, -1.3206599892843264e-06, -9.285214035497456e-09, 5.810464949583932e-10], [-1.1834471346385796e-08, -1.4076462692205123e-12, -2.2107095990008458e-13, 4.399739804617134e-11, -1.619176616670075e-10, -1.701279368842276e-15, 7.947544262869104e-16, 1.5544532332815438e-05, -1.3206599892843264e-06, -9.285214035497456e-09, 5.810464949583932e-10], [-2.004879988381971e-08, -1.3268177636489976e-12, -2.134329976001611e-13, 4.3748857900824706e-11, -1.4707281861463658e-10, -3.6345950564699136e-16, 5.369561086325042e-16, 1.5365704520448602e-05, -1.3155219914968316e-06, -9.158753510973267e-09, 5.677053453377403e-10], [-2.004879988381971e-08, -1.3268177636489976e-12, -2.134329976001611e-13, 4.3748857900824706e-11, -1.4707281861463658e-10, -3.6345950564699136e-16, 5.369561086325042e-16, 1.5365704520448602e-05, -1.3155219914968316e-06, -9.158753510973267e-09, 5.677053453377403e-10]]

[[-1.0370789740936735e-09, -1.4074787241448379e-12, -2.20367686287963e-13, 4.214498261976467e-11, -1.494063123296839e-10, -1.6577157836254657e-15, 7.864461385867355e-16, 1.574059750910295e-05, -1.3421106408282694e-06, -9.479589116543013e-09, 5.934890103633488e-10], [-1.1462477199181752e-08, -1.4076404969205535e-12, -2.2104673056224338e-13, 4.3933578220693656e-11, -1.614866178958232e-10, -4.368155963203916e-16, 5.536005185845085e-16, 2.123546229725308e-05, -1.943280272700302e-06, -1.492708779404823e-08, 9.421992763539173e-10], [-2.5138308347935153e-09, -1.3991956222442696e-12, -2.19329831515769e-13, 4.2462912097412823e-11, -1.4872724413075089e-10, -1.7953198664433477e-16, 4.999917310392665e-16, 1.5243377867181783e-05, -1.3027030949980179e-06, -9.047700296798622e-09, 5.610048831383202e-10], [-1.7643773322905542e-08, -1.3367448226507576e-12, -2.1424178386905529e-13, 4.357248269283576e-11, -1.472997330333723e-10, -3.382327392211333e-16, 5.318862217298904e-16, 1.4473824940503635e-05, -1.2220598414306276e-06, -8.349068202297464e-09, 5.188524972276799e-10], [-1.1834471346385796e-08, -1.4076462692205123e-12, -2.2107095990008456e-13, 4.3997398046171335e-11, -1.619176616670075e-10, -1.7012793688422762e-15, 7.947544262869104e-16, 1.5544532332815434e-05, -1.3206599892843264e-06, -9.285214035497456e-09, 5.810464949583932e-10], [-1.1834471346385796e-08, -1.4076462692205123e-12, -2.2107095990008456e-13, 4.3997398046171335e-11, -1.619176616670075e-10, -1.7012793688422762e-15, 7.947544262869104e-16, 1.5544532332815434e-05, -1.3206599892843264e-06, -9.285214035497456e-09, 5.810464949583932e-10], [-2.004879988381971e-08, -1.3268177636489976e-12, -2.134329976001611e-13, 4.3748857900824706e-11, -1.4707281861463658e-10, -3.6345950564699136e-16, 5.369561086325042e-16, 1.5365704520448602e-05, -1.3155219914968316e-06, -9.158753510973267e-09, 5.677053453377403e-10], [-2.004879988381971e-08, -1.3268177636489976e-12, -2.134329976001611e-13, 4.3748857900824706e-11, -1.4707281861463658e-10, -3.6345950564699136e-16, 5.369561086325042e-16, 1.5365704520448602e-05, -1.3155219914968316e-06, -9.158753510973267e-09, 5.677053453377403e-10]]

[[-1.0322130851742678e-09, -1.3937481613511396e-12, -2.1985958831217438e-13, 4.1880379012217827e-11, -1.4815593632414304e-10, -1.6402389659692249e-15, 7.85796688457095e-16, 1.5597184735552183e-05, -1.3315019917086597e-06, -9.424345219027963e-09, 5.887233342522307e-10], [-1.1371928709407862e-08, -1.4032319091342273e-12, -2.2038796206631958e-13, 4.356110896714917e-11, -1.6107027563371584e-10, -4.357157154307933e-16, 5.497885665114241e-16, 2.1159645547121748e-05, -1.942262162739654e-06, -1.4901216318365534e-08, 9.332796350453837e-10], [-2.513300539215139e-09, -1.3842091126769578e-12, -2.1715858309643842e-13, 4.236402274364185e-11, -1.485676671979388e-10, -1.7836448162366298e-16, 4.975455440062817e-16, 1.5067603305066993e-05, -1.2888984306435056e-06, -8.987981165625416e-09, 5.577917173846289e-10], [-1.7625620959314367e-08, -1.3340960016503177e-12, -2.12896579159427e-13, 4.311220519552098e-11, -1.4708505608831078e-10, -3.3799156946015675e-16, 5.286571571132844e-16, 1.4432631067272007e-05, -1.219947516649521e-06, -8.253855428468633e-09, 5.137463887282862e-10], [-1.1768409286513354e-08, -1.4043794164416053e-12, -2.2086861471818322e-13, 4.389248152089637e-11, -1.6101056554345997e-10, -1.7004624471778722e-15, 7.888320191267006e-16, 1.537405177710404e-05, -1.3192026181372466e-06, -9.204972696744295e-09, 5.790661315161103e-10], [-1.1809866710762963e-08, -1.4019543736860745e-12, -2.189562073743486e-13, 4.390571213119963e-11, -1.6070532325907253e-10, -1.6831597220685706e-15, 7.900175426723444e-16, 1.5528573578127066e-05, -1.3135095139423414e-06, -9.213453263125243e-09, 5.786236877581521e-10], [-2.0011487427875513e-08, -1.3161323432199884e-12, -2.1263609029258412e-13, 4.349868707175508e-11, -1.4591332987340726e-10, -3.607908061618212e-16, 5.347292962367492e-16, 1.52666125099971e-05, -1.3097497506565985e-06, -9.061561438469263e-09, 5.629604527896492e-10], [-1.9930598888938327e-08, -1.3230962653242773e-12, -2.127205730982579e-13, 4.3531809850075706e-11, -1.4549683111046348e-10, -3.6294307478801856e-16, 5.359798399840654e-16, 1.5345598429147036e-05, -1.3058580397070087e-06, -9.122350947793177e-09, 5.636473382137137e-10]]
===========================================================>

generation 4

[[-1.7625620959314367e-08, -1.3340960016503177e-12, -2.12896579159427e-13, 4.311220519552098e-11, -1.4708505608831078e-10, -3.3799156946015675e-16, 5.286571571132844e-16, 1.4432631067272007e-05, -1.219947516649521e-06, -8.253855428468633e-09, 5.137463887282862e-10], [-2.513300539215139e-09, -1.3842091126769578e-12, -2.1715858309643842e-13, 4.236402274364185e-11, -1.485676671979388e-10, -1.7836448162366298e-16, 4.975455440062817e-16, 1.5067603305066993e-05, -1.2888984306435056e-06, -8.987981165625416e-09, 5.577917173846289e-10], [-1.9930598888938327e-08, -1.3230962653242773e-12, -2.127205730982579e-13, 4.3531809850075706e-11, -1.4549683111046348e-10, -3.6294307478801856e-16, 5.359798399840654e-16, 1.5345598429147036e-05, -1.3058580397070087e-06, -9.122350947793177e-09, 5.636473382137137e-10], [-1.9930598888938327e-08, -1.3230962653242773e-12, -2.127205730982579e-13, 4.3531809850075706e-11, -1.4549683111046348e-10, -3.6294307478801856e-16, 5.359798399840654e-16, 1.5345598429147036e-05, -1.3058580397070087e-06, -9.122350947793177e-09, 5.636473382137137e-10], [-1.9930598888938327e-08, -1.3230962653242773e-12, -2.127205730982579e-13, 4.3531809850075706e-11, -1.4549683111046348e-10, -3.6294307478801856e-16, 5.359798399840654e-16, 1.5345598429147036e-05, -1.3058580397070087e-06, -9.122350947793177e-09, 5.636473382137137e-10], [-2.513300539215139e-09, -1.3842091126769578e-12, -2.1715858309643842e-13, 4.236402274364185e-11, -1.485676671979388e-10, -1.7836448162366298e-16, 4.975455440062817e-16, 1.5067603305066993e-05, -1.2888984306435056e-06, -8.987981165625416e-09, 5.577917173846289e-10], [-2.0011487427875513e-08, -1.3161323432199884e-12, -2.1263609029258412e-13, 4.349868707175508e-11, -1.4591332987340726e-10, -3.607908061618212e-16, 5.347292962367492e-16, 1.52666125099971e-05, -1.3097497506565985e-06, -9.061561438469263e-09, 5.629604527896492e-10], [-2.0011487427875513e-08, -1.3161323432199884e-12, -2.1263609029258412e-13, 4.349868707175508e-11, -1.4591332987340726e-10, -3.607908061618212e-16, 5.347292962367492e-16, 1.52666125099971e-05, -1.3097497506565985e-06, -9.061561438469263e-09, 5.629604527896492e-10]]

[[-1.067618802700184e-09, -1.389003056118946e-12, -2.1756629687442963e-13, 4.2292449770319767e-11, -1.4870949742281232e-10, -1.630941618366787e-16, 5.316333705346524e-16, 1.437188806144258e-05, -1.2133515026486171e-06, -8.183627155046002e-09, 5.095329042700963e-10], [-1.907130269582932e-08, -1.3293020582083295e-12, -2.124888653814358e-13, 4.318377816884307e-11, -1.4694322586343726e-10, -3.53261889247141e-16, 4.945693305849137e-16, 1.512834631089642e-05, -1.2954944446444094e-06, -9.058209439048047e-09, 5.620052018428188e-10], [-1.9930598888938327e-08, -1.3230962653242775e-12, -2.127205730982579e-13, 4.353180985007571e-11, -1.4549683111046348e-10, -3.6294307478801856e-16, 5.359798399840654e-16, 1.5345598429147036e-05, -1.3058580397070087e-06, -9.122350947793177e-09, 5.636473382137137e-10], [-1.9930598888938327e-08, -1.3230962653242775e-12, -2.127205730982579e-13, 4.353180985007571e-11, -1.4549683111046348e-10, -3.6294307478801856e-16, 5.359798399840654e-16, 1.5345598429147036e-05, -1.3058580397070087e-06, -9.122350947793177e-09, 5.636473382137137e-10], [-1.6165346308390574e-09, -1.3873556350002977e-12, -2.1738708329133024e-13, 4.230389679045074e-11, -1.4872577559444007e-10, -1.688610680377986e-16, 4.955666741693382e-16, 1.5359911587534987e-05, -1.3067312405285229e-06, -9.129269256094757e-09, 5.63948827056958e-10], [-2.0827364797314408e-08, -1.3199497430009374e-12, -2.124920729033661e-13, 4.3591935803266815e-11, -1.4533872271396222e-10, -3.724464883738829e-16, 5.379587098210088e-16, 1.5053290146679042e-05, -1.2880252298219914e-06, -8.981062857323836e-09, 5.574902285413845e-10], [-2.0011487427875513e-08, -1.3161323432199886e-12, -2.1263609029258414e-13, 4.3498687071755084e-11, -1.4591332987340728e-10, -3.6079080616182127e-16, 5.347292962367493e-16, 1.5266612509997104e-05, -1.3097497506565985e-06, -9.061561438469263e-09, 5.629604527896493e-10], [-2.0011487427875513e-08, -1.3161323432199886e-12, -2.1263609029258414e-13, 4.3498687071755084e-11, -1.4591332987340728e-10, -3.6079080616182127e-16, 5.347292962367493e-16, 1.5266612509997104e-05, -1.3097497506565985e-06, -9.061561438469263e-09, 5.629604527896493e-10]]

[[-1.0646072934566125e-09, -1.3888353227250811e-12, -2.174410025847362e-13, 4.2036018967572317e-11, -1.480484988807984e-10, -1.630325980552617e-16, 5.267598367792899e-16, 1.4343919601764124e-05, -1.2067524802848102e-06, -8.092436445302941e-09, 5.073136945139315e-10], [-1.900966316733514e-08, -1.3203210436000276e-12, -2.1195660970747322e-13, 4.29415419662515e-11, -1.4562188487704553e-10, -3.517083878853527e-16, 4.940921378477991e-16, 1.5103164706466222e-05, -1.2871093759785322e-06, -8.975724987226098e-09, 5.602551744107738e-10], [-1.9923837264236085e-08, -1.3072138387316732e-12, -2.1074334307379427e-13, 4.3488619603823333e-11, -1.4502408677584204e-10, -3.6244092147330257e-16, 5.348714365232267e-16, 1.529930080574134e-05, -1.2967069507309899e-06, -9.06896029020369e-09, 5.588762800887846e-10], [-1.9756593652622e-08, -1.314993481499183e-12, -2.1079568235007878e-13, 4.3350841762480734e-11, -1.441170475086351e-10, -3.5997225116462474e-16, 5.324727121979513e-16, 1.5287328341901788e-05, -1.2947908720338385e-06, -9.085751588896198e-09, 5.584353873223182e-10], [-1.6052349449257796e-09, -1.3712364387532728e-12, -2.1563370804211285e-13, 4.186454677436323e-11, -1.4732436833760723e-10, -1.6796298878446935e-16, 4.92838795124379e-16, 1.5317118360064075e-05, -1.299004479252155e-06, -9.041609135985689e-09, 5.60235624876475e-10], [-2.0736086898194067e-08, -1.313719705708103e-12, -2.1171197123742739e-13, 4.358389823604519e-11, -1.446189515990254e-10, -3.6917180615206825e-16, 5.327072031325906e-16, 1.5013849172000485e-05, -1.2776321722774728e-06, -8.886517525309527e-09, 5.559891980163214e-10], [-1.9852098133215402e-08, -1.3144508326094156e-12, -2.1227754114117062e-13, 4.339900777381502e-11, -1.454820041482649e-10, -3.5903525942688173e-16, 5.336536093893912e-16, 1.5111457049760763e-05, -1.3069972189107798e-06, -8.969994053769441e-09, 5.613442847382874e-10], [-1.9909499218461348e-08, -1.3019000538332852e-12, -2.109716637456573e-13, 4.302600544047656e-11, -1.4574100387793465e-10, -3.593381333684262e-16, 5.322454630194261e-16, 1.5162750338819435e-05, -1.2950119915179518e-06, -9.043782219125613e-09, 5.590480448275025e-10]]
===========================================================>

generation 5

[[-1.9909499218461348e-08, -1.3019000538332852e-12, -2.109716637456573e-13, 4.302600544047656e-11, -1.4574100387793465e-10, -3.593381333684262e-16, 5.322454630194261e-16, 1.5162750338819435e-05, -1.2950119915179518e-06, -9.043782219125613e-09, 5.590480448275025e-10], [-1.6052349449257796e-09, -1.3712364387532728e-12, -2.1563370804211285e-13, 4.186454677436323e-11, -1.4732436833760723e-10, -1.6796298878446935e-16, 4.92838795124379e-16, 1.5317118360064075e-05, -1.299004479252155e-06, -9.041609135985689e-09, 5.60235624876475e-10], [-1.9923837264236085e-08, -1.3072138387316732e-12, -2.1074334307379427e-13, 4.3488619603823333e-11, -1.4502408677584204e-10, -3.6244092147330257e-16, 5.348714365232267e-16, 1.529930080574134e-05, -1.2967069507309899e-06, -9.06896029020369e-09, 5.588762800887846e-10], [-1.9756593652622e-08, -1.314993481499183e-12, -2.1079568235007878e-13, 4.3350841762480734e-11, -1.441170475086351e-10, -3.5997225116462474e-16, 5.324727121979513e-16, 1.5287328341901788e-05, -1.2947908720338385e-06, -9.085751588896198e-09, 5.584353873223182e-10], [-1.0646072934566125e-09, -1.3888353227250811e-12, -2.174410025847362e-13, 4.2036018967572317e-11, -1.480484988807984e-10, -1.630325980552617e-16, 5.267598367792899e-16, 1.4343919601764124e-05, -1.2067524802848102e-06, -8.092436445302941e-09, 5.073136945139315e-10], [-1.9909499218461348e-08, -1.3019000538332852e-12, -2.109716637456573e-13, 4.302600544047656e-11, -1.4574100387793465e-10, -3.593381333684262e-16, 5.322454630194261e-16, 1.5162750338819435e-05, -1.2950119915179518e-06, -9.043782219125613e-09, 5.590480448275025e-10], [-1.9756593652622e-08, -1.314993481499183e-12, -2.1079568235007878e-13, 4.3350841762480734e-11, -1.441170475086351e-10, -3.5997225116462474e-16, 5.324727121979513e-16, 1.5287328341901788e-05, -1.2947908720338385e-06, -9.085751588896198e-09, 5.584353873223182e-10], [-1.9756593652622e-08, -1.314993481499183e-12, -2.1079568235007878e-13, 4.3350841762480734e-11, -1.441170475086351e-10, -3.5997225116462474e-16, 5.324727121979513e-16, 1.5287328341901788e-05, -1.2947908720338385e-06, -9.085751588896198e-09, 5.584353873223182e-10]]

[[5.085331333154143e-10, -1.3792433728159772e-12, -2.1617207878818223e-13, 4.173042205807095e-11, -1.4750721454224362e-10, -1.4586307449426636e-16, 4.882881311139804e-16, 1.5334944708653237e-05, -1.2945509408578862e-06, -9.044033165774104e-09, 5.58910903625848e-10], [-2.2023267296702543e-08, -1.2938931197705808e-12, -2.1043329299958795e-13, 4.316013015676884e-11, -1.4555815767329827e-10, -3.814380476586292e-16, 5.367961270298247e-16, 1.5144923990230271e-05, -1.2994655299122204e-06, -9.041358189337198e-09, 5.603727660781295e-10], [-1.9768439147732684e-08, -1.314442466608533e-12, -2.107919752749006e-13, 4.336060026225381e-11, -1.441812910937933e-10, -3.601471016225233e-16, 5.347015401846299e-16, 1.52984528226076e-05, -1.296571239114745e-06, -9.070149580752037e-09, 5.588450526292775e-10], [-1.99119917691254e-08, -1.3077648536223231e-12, -2.1074705014897246e-13, 4.347886110405026e-11, -1.4495984319068382e-10, -3.62266071015404e-16, 5.326426085365481e-16, 1.5288176325035525e-05, -1.2949265836500834e-06, -9.084562298347852e-09, 5.584666147818253e-10], [-1.795699961754202e-08, -1.3109073263871714e-12, -2.1164194519655558e-13, 4.292343397437564e-11, -1.4598008102892838e-10, -3.38999121561803e-16, 5.3167710300509e-16, 1.4428757800554725e-05, -1.215896956206765e-06, -8.19100438886649e-09, 5.126738366014029e-10], [-3.017106894375942e-09, -1.379828050171195e-12, -2.1677072113383792e-13, 4.213859043367324e-11, -1.4780942172980468e-10, -1.8337160986188487e-16, 5.27328196793626e-16, 1.5077912140028834e-05, -1.2858675155959972e-06, -8.945214275562063e-09, 5.536879027400311e-10], [-1.9756593652622e-08, -1.314993481499183e-12, -2.1079568235007878e-13, 4.3350841762480734e-11, -1.441170475086351e-10, -3.5997225116462474e-16, 5.324727121979513e-16, 1.5287328341901788e-05, -1.2947908720338385e-06, -9.085751588896198e-09, 5.584353873223182e-10], [-1.9756593652622e-08, -1.314993481499183e-12, -2.1079568235007878e-13, 4.3350841762480734e-11, -1.441170475086351e-10, -3.5997225116462474e-16, 5.324727121979513e-16, 1.5287328341901788e-05, -1.2947908720338385e-06, -9.085751588896198e-09, 5.584353873223182e-10]]

[[5.056981736519033e-10, -1.377152032463815e-12, -2.1581029423121167e-13, 4.1557196210524374e-11, -1.4582218851696293e-10, -1.450291815050629e-16, 4.836078601357844e-16, 1.5278544624941593e-05, -1.289747019250673e-06, -9.022427837871679e-09, 5.538844691354074e-10], [-2.1954224064286463e-08, -1.279245764625099e-12, -2.083001872170049e-13, 4.3037696113078564e-11, -1.439970123023174e-10, -3.7996396344028763e-16, 5.32182715143287e-16, 1.5015614020823569e-05, -1.2868986481262986e-06, -8.955639573472154e-09, 5.571093429453758e-10], [-1.962914902523278e-08, -1.3004961833429572e-12, -2.0887694230878255e-13, 4.2937054808929565e-11, -1.4363622333039256e-10, -3.570280552439843e-16, 5.317110820781759e-16, 1.5281695818092596e-05, -1.2921485158060575e-06, -9.04109000822485e-09, 5.549378290645449e-10], [-1.9719224224893635e-08, -1.3027418817769317e-12, -2.095613477354541e-13, 4.312886325532824e-11, -1.444856196341997e-10, -3.6017886626958986e-16, 5.280883566150457e-16, 1.5205643572234243e-05, -1.2823724903975271e-06, -9.011995445331936e-09, 5.580341419267394e-10], [-1.7849126635034253e-08, -1.3047480991517273e-12, -2.098052402987361e-13, 4.269547579604829e-11, -1.4452309918641543e-10, -3.386148518485492e-16, 5.286308083945263e-16, 1.4403810693687078e-05, -1.2062811526558426e-06, -8.160332044204e-09, 5.12504858424551e-10], [-3.01543401855008e-09, -1.3645003026899345e-12, -2.1612621128946847e-13, 4.164708228447588e-11, -1.471891848264505e-10, -1.8235880109593883e-16, 5.269522657719392e-16, 1.5048576717485805e-05, -1.284678667484913e-06, -8.920369115275326e-09, 5.510743176411775e-10], [-1.96357687066979e-08, -1.3043872194048977e-12, -2.0939758934420932e-13, 4.289082919296414e-11, -1.4290120384049876e-10, -3.5991052603964094e-16, 5.294220151763939e-16, 1.5235422521986348e-05, -1.2861294173591665e-06, -9.07082801202771e-09, 5.531191626509028e-10], [-1.9710286789782547e-08, -1.3096689606087527e-12, -2.1017487271016115e-13, 4.321146269205718e-11, -1.4400146625500246e-10, -3.5970855204666264e-16, 5.270410984867334e-16, 1.5247795724184794e-05, -1.2864799298114248e-06, -9.012545611482177e-09, 5.532296185623014e-10]]
===========================================================>

generation 6

[[-3.01543401855008e-09, -1.3645003026899345e-12, -2.1612621128946847e-13, 4.164708228447588e-11, -1.471891848264505e-10, -1.8235880109593883e-16, 5.269522657719392e-16, 1.5048576717485805e-05, -1.284678667484913e-06, -8.920369115275326e-09, 5.510743176411775e-10], [-2.1954224064286463e-08, -1.279245764625099e-12, -2.083001872170049e-13, 4.3037696113078564e-11, -1.439970123023174e-10, -3.7996396344028763e-16, 5.32182715143287e-16, 1.5015614020823569e-05, -1.2868986481262986e-06, -8.955639573472154e-09, 5.571093429453758e-10], [-1.9710286789782547e-08, -1.3096689606087527e-12, -2.1017487271016115e-13, 4.321146269205718e-11, -1.4400146625500246e-10, -3.5970855204666264e-16, 5.270410984867334e-16, 1.5247795724184794e-05, -1.2864799298114248e-06, -9.012545611482177e-09, 5.532296185623014e-10], [-1.9710286789782547e-08, -1.3096689606087527e-12, -2.1017487271016115e-13, 4.321146269205718e-11, -1.4400146625500246e-10, -3.5970855204666264e-16, 5.270410984867334e-16, 1.5247795724184794e-05, -1.2864799298114248e-06, -9.012545611482177e-09, 5.532296185623014e-10], [-2.1954224064286463e-08, -1.279245764625099e-12, -2.083001872170049e-13, 4.3037696113078564e-11, -1.439970123023174e-10, -3.7996396344028763e-16, 5.32182715143287e-16, 1.5015614020823569e-05, -1.2868986481262986e-06, -8.955639573472154e-09, 5.571093429453758e-10], [-1.9710286789782547e-08, -1.3096689606087527e-12, -2.1017487271016115e-13, 4.321146269205718e-11, -1.4400146625500246e-10, -3.5970855204666264e-16, 5.270410984867334e-16, 1.5247795724184794e-05, -1.2864799298114248e-06, -9.012545611482177e-09, 5.532296185623014e-10], [-3.01543401855008e-09, -1.3645003026899345e-12, -2.1612621128946847e-13, 4.164708228447588e-11, -1.471891848264505e-10, -1.8235880109593883e-16, 5.269522657719392e-16, 1.5048576717485805e-05, -1.284678667484913e-06, -8.920369115275326e-09, 5.510743176411775e-10], [-3.01543401855008e-09, -1.3645003026899345e-12, -2.1612621128946847e-13, 4.164708228447588e-11, -1.471891848264505e-10, -1.8235880109593883e-16, 5.269522657719392e-16, 1.5048576717485805e-05, -1.284678667484913e-06, -8.920369115275326e-09, 5.510743176411775e-10]]

[[-1.8619706640848676e-08, -1.2942563720566088e-12, -2.0967810067202776e-13, 4.2792853331171646e-11, -1.445590521620252e-10, -3.4517199123893665e-16, 5.31261799682529e-16, 1.5042773036993107e-05, -1.2850695353339422e-06, -8.92657911903512e-09, 5.521368932850882e-10], [-6.349951441987866e-09, -1.3494896952584248e-12, -2.1474829783444562e-13, 4.18919250663828e-11, -1.4662714496674268e-10, -2.1715077329728983e-16, 5.278731812326972e-16, 1.5021417701316265e-05, -1.2865077802772694e-06, -8.949429569712361e-09, 5.560467673014652e-10], [-1.9710286789782547e-08, -1.3096689606087527e-12, -2.1017487271016115e-13, 4.3211462692057185e-11, -1.4400146625500246e-10, -3.597085520466627e-16, 5.270410984867334e-16, 1.5247795724184794e-05, -1.2864799298114248e-06, -9.012545611482177e-09, 5.532296185623014e-10], [-1.9710286789782547e-08, -1.3096689606087527e-12, -2.1017487271016115e-13, 4.3211462692057185e-11, -1.4400146625500246e-10, -3.597085520466627e-16, 5.270410984867334e-16, 1.5247795724184794e-05, -1.2864799298114248e-06, -9.012545611482177e-09, 5.532296185623014e-10], [-2.0140231689179726e-08, -1.3038397878929404e-12, -2.0981567752457622e-13, 4.317816851081316e-11, -1.4400061286473134e-10, -3.6358954770230367e-16, 5.280262471721527e-16, 1.5203309035440084e-05, -1.2868184204809853e-06, -8.966542935640653e-09, 5.563659764847699e-10], [-2.1524279164889284e-08, -1.2850749373409114e-12, -2.0865938240258986e-13, 4.3070990294322594e-11, -1.4399786569258855e-10, -3.760829677846467e-16, 5.311975664578678e-16, 1.5060100709568279e-05, -1.286560157456738e-06, -9.001642249313678e-09, 5.539729850229074e-10], [-3.01543401855008e-09, -1.3645003026899345e-12, -2.1612621128946847e-13, 4.164708228447588e-11, -1.471891848264505e-10, -1.8235880109593883e-16, 5.269522657719392e-16, 1.5048576717485805e-05, -1.284678667484913e-06, -8.920369115275326e-09, 5.510743176411775e-10], [-3.01543401855008e-09, -1.3645003026899345e-12, -2.1612621128946847e-13, 4.164708228447588e-11, -1.471891848264505e-10, -1.8235880109593883e-16, 5.269522657719392e-16, 1.5048576717485805e-05, -1.284678667484913e-06, -8.920369115275326e-09, 5.510743176411775e-10]]

[[-1.8473818163864114e-08, -1.2874319531785409e-12, -2.0765714745014984e-13, 4.245462854890739e-11, -1.4410316982101784e-10, -3.429483279767567e-16, 5.276315307114069e-16, 1.498536187431993e-05, -1.2773849323615742e-06, -8.87159104810714e-09, 5.472853564804971e-10], [-6.337595958447418e-09, -1.3461843701078185e-12, -2.138197167826865e-13, 4.183086390551131e-11, -1.4602354498456859e-10, -2.1639037178854172e-16, 5.272620290075435e-16, 1.4956306786784699e-05, -1.2754266544461568e-06, -8.844780139577014e-09, 5.528595786747609e-10], [-1.9695678813520214e-08, -1.302393837157556e-12, -2.0972486334015748e-13, 4.284327112380319e-11, -1.4263652127693685e-10, -3.5941386759974885e-16, 5.241702128540498e-16, 1.5119647395035372e-05, -1.2796797110668525e-06, -8.941161236939774e-09, 5.494797052327003e-10], [-1.9703099812960646e-08, -1.3084545746778775e-12, -2.0891887677294051e-13, 4.285988349041941e-11, -1.4339285830647659e-10, -3.5783060649690003e-16, 5.270125628447532e-16, 1.5200514079588969e-05, -1.2791163442254206e-06, -8.935397101316891e-09, 5.505683130240314e-10], [-2.0045733922055222e-08, -1.2907145322878474e-12, -2.0837297478102776e-13, 4.267251116991594e-11, -1.4336900518695565e-10, -3.5969349744273205e-16, 5.273031139832032e-16, 1.5136232862207495e-05, -1.2795047034492351e-06, -8.87715706405971e-09, 5.498432047886623e-10], [-2.1349786940052452e-08, -1.2843147916821205e-12, -2.0828593113045154e-13, 4.2695727781984977e-11, -1.431883523006637e-10, -3.7277853019889627e-16, 5.296925726167874e-16, 1.4916868711308957e-05, -1.2814964164305433e-06, -8.975676037605764e-09, 5.505139453031303e-10], [-2.9897286749103235e-09, -1.362455123295574e-12, -2.137053084777406e-13, 4.158568948741929e-11, -1.4606171154504525e-10, -1.8023341181766325e-16, 5.250286243776055e-16, 1.4996553721918911e-05, -1.282533912918942e-06, -8.899030678097284e-09, 5.492489898836507e-10], [-2.99617715678829e-09, -1.361214479290302e-12, -2.136585658521025e-13, 4.160931297565053e-11, -1.463954286312239e-10, -1.8121126059536884e-16, 5.241673476967895e-16, 1.4927091031163172e-05, -1.2811565554011272e-06, -8.863668070008778e-09, 5.510325298312977e-10]]
===========================================================>
