Best Vector
[9.34079436112194e-11, -1.5675107224619307e-12, -2.608049641268132e-13, 5.399919317004255e-11, -1.6523783887169133e-10, -7.568434018329049e-16, 5.312503692619588e-16, 1.6559256722156905e-05, -1.4245484178243986e-06, -1.0150809638920009e-08, 6.371654965924299e-10]
===========================================================>


generation 1

[[-1.0323604775714767e-09, -8.32116634506297e-13, -1.2345500588221662e-13, 2.7836077859494867e-11, -1.1789966263348037e-10, -9.704951799668292e-16, 5.5954729925723725e-16, 1.5504525114714575e-05, -1.4005875491338674e-06, -9.52571679227263e-09, 6.263568558417474e-10], [0.0, -1.45799022e-12, -2.28980078e-13, 4.62010753e-11, -1.75214813e-10, -1.8366977e-15, 8.5294406e-16, 2.29423303e-05, -2.04721003e-06, -1.59792834e-08, 9.98214034e-10], [-3.406490389849288e-09, -8.848504233071966e-13, -1.3255533547329837e-13, 2.864929132900664e-11, -1.2130217245697887e-10, -1.0315242064442198e-15, 6.019692547347847e-16, 1.6773531157755285e-05, -1.4440159163094667e-06, -1.0072301293462974e-08, 6.447369232947785e-10], [-3.406490389849288e-09, -8.848504233071966e-13, -1.3255533547329837e-13, 2.864929132900664e-11, -1.2130217245697887e-10, -1.0315242064442198e-15, 6.019692547347847e-16, 1.6773531157755285e-05, -1.4440159163094667e-06, -1.0072301293462974e-08, 6.447369232947785e-10], [-1.0323604775714767e-09, -8.32116634506297e-13, -1.2345500588221662e-13, 2.7836077859494867e-11, -1.1789966263348037e-10, -9.704951799668292e-16, 5.5954729925723725e-16, 1.5504525114714575e-05, -1.4005875491338674e-06, -9.52571679227263e-09, 6.263568558417474e-10], [-1.0323604775714767e-09, -8.32116634506297e-13, -1.2345500588221662e-13, 2.7836077859494867e-11, -1.1789966263348037e-10, -9.704951799668292e-16, 5.5954729925723725e-16, 1.5504525114714575e-05, -1.4005875491338674e-06, -9.52571679227263e-09, 6.263568558417474e-10], [-1.2267436401573233e-09, -1.3497612648882338e-12, -2.193044443008641e-13, 4.5246777458945595e-11, -1.5975351890146696e-10, -1.6609941342942155e-15, 8.272476371018278e-16, 2.1906881181234642e-05, -1.8940272153359817e-06, -1.4237003911284527e-08, 9.018249596061772e-10], [-3.406490389849288e-09, -8.848504233071966e-13, -1.3255533547329837e-13, 2.864929132900664e-11, -1.2130217245697887e-10, -1.0315242064442198e-15, 6.019692547347847e-16, 1.6773531157755285e-05, -1.4440159163094667e-06, -1.0072301293462974e-08, 6.447369232947785e-10]]

[[2.9524913012655764e-10, -1.6369864482563372e-12, -2.591596387505332e-13, 5.1453358428700253e-11, -1.9160661475571582e-10, -2.0844266145694934e-15, 9.368538379053178e-16, 1.3377355818024525e-05, -1.2156572567178793e-06, -7.680034040422627e-09, 5.200078520123762e-10], [-1.3276096076980344e-09, -6.531204062499597e-13, -9.327544513168345e-14, 2.2583794730794617e-11, -1.0150786087776454e-10, -7.227662653973357e-16, 4.756375213519195e-16, 2.506949959669005e-05, -2.2321403224159878e-06, -1.7824966151850003e-08, 1.104563037829371e-09], [-3.406490389849288e-09, -8.848504233071965e-13, -1.3255533547329837e-13, 2.8649291329006643e-11, -1.2130217245697887e-10, -1.0315242064442198e-15, 6.019692547347847e-16, 1.6773531157755285e-05, -1.4440159163094667e-06, -1.0072301293462974e-08, 6.447369232947785e-10], [-3.406490389849288e-09, -8.848504233071965e-13, -1.3255533547329837e-13, 2.8649291329006643e-11, -1.2130217245697887e-10, -1.0315242064442198e-15, 6.019692547347847e-16, 1.6773531157755285e-05, -1.4440159163094667e-06, -1.0072301293462974e-08, 6.447369232947785e-10], [-1.0323604775714767e-09, -8.32116634506297e-13, -1.2345500588221662e-13, 2.7836077859494867e-11, -1.1789966263348035e-10, -9.704951799668292e-16, 5.5954729925723725e-16, 1.5504525114714575e-05, -1.4005875491338674e-06, -9.525716792272632e-09, 6.263568558417473e-10], [-1.0323604775714767e-09, -8.32116634506297e-13, -1.2345500588221662e-13, 2.7836077859494867e-11, -1.1789966263348035e-10, -9.704951799668292e-16, 5.5954729925723725e-16, 1.5504525114714575e-05, -1.4005875491338674e-06, -9.525716792272632e-09, 6.263568558417473e-10], [-3.257147670548536e-09, -9.167032288333086e-13, -1.3849884602609828e-13, 2.978644807097764e-11, -1.239366200778351e-10, -1.0746515792715683e-15, 6.174039313673445e-16, 2.155517589632605e-05, -1.8631952339958647e-06, -1.3951664334972588e-08, 8.842108829030646e-10], [-1.376086359458075e-09, -1.3179084593621216e-12, -2.1336093374806416e-13, 4.410962071697459e-11, -1.571190712806107e-10, -1.617866761466867e-15, 8.118129604692679e-16, 1.7125236442663875e-05, -1.4748478976495837e-06, -1.0357640869774914e-08, 6.623509999978911e-10]]

[[2.9204934068262087e-10, -1.6192632097837533e-12, -2.5853633143914434e-13, 5.113145887058589e-11, -1.9152841119961823e-10, -2.082921009563359e-15, 9.350330147021661e-16, 1.3357330942238492e-05, -1.2102415703610869e-06, -7.665059693058512e-09, 5.144149768057492e-10], [-1.3193180955139141e-09, -6.483977167115376e-13, -9.239186998870488e-14, 2.23958409367407e-11, -1.0104929339710912e-10, -7.223352238853913e-16, 4.7239754424650885e-16, 2.5044846483266032e-05, -2.2160019741515717e-06, -1.7733939654665626e-08, 1.0987290398191362e-09], [-3.39595972972009e-09, -8.780317647898861e-13, -1.3225181588167692e-13, 2.8555578422990874e-11, -1.2030099797822306e-10, -1.0300271650360267e-15, 5.95770129519081e-16, 1.6756645540363728e-05, -1.4336432153483968e-06, -9.996294162359785e-09, 6.395914943629949e-10], [-3.380370923958958e-09, -8.840618612468914e-13, -1.3252462657633283e-13, 2.8416370724570808e-11, -1.207509933059524e-10, -1.024449165571484e-15, 6.010456019062712e-16, 1.667372370521963e-05, -1.4318904935930911e-06, -1.006515535373432e-08, 6.389234508192427e-10], [-1.02958178525921e-09, -8.27163600191426e-13, -1.2251804185191897e-13, 2.7701252324148576e-11, -1.176586915049454e-10, -9.611599369280514e-16, 5.566013643805032e-16, 1.5450617110048124e-05, -1.3842000320518066e-06, -9.50265934360905e-09, 6.204398993331164e-10], [-1.0308230705700097e-09, -8.251027280879972e-13, -1.2294016670288306e-13, 2.7617519707960124e-11, -1.1685659966030947e-10, -9.617560960354738e-16, 5.566248228227213e-16, 1.5387916617250787e-05, -1.399600643762824e-06, -9.481748829772407e-09, 6.216292663341882e-10], [-3.248345490372815e-09, -9.139066992419122e-13, -1.3799297827022556e-13, 2.958930123835342e-11, -1.2306433712059743e-10, -1.0731111966120662e-15, 6.161631614849346e-16, 2.141348445798406e-05, -1.8511521380314067e-06, -1.3945602137242333e-08, 8.776947290926378e-10], [-1.3715521132042673e-09, -1.3067699756724337e-12, -2.111039117858459e-13, 4.409091209452451e-11, -1.5599420200052464e-10, -1.611342158892816e-15, 8.085366037673651e-16, 1.7118711143368213e-05, -1.460438321485383e-06, -1.035636633610953e-08, 6.598524176340619e-10]]
===========================================================>

generation 2

[[-1.3715521132042673e-09, -1.3067699756724337e-12, -2.111039117858459e-13, 4.409091209452451e-11, -1.5599420200052464e-10, -1.611342158892816e-15, 8.085366037673651e-16, 1.7118711143368213e-05, -1.460438321485383e-06, -1.035636633610953e-08, 6.598524176340619e-10], [-1.3715521132042673e-09, -1.3067699756724337e-12, -2.111039117858459e-13, 4.409091209452451e-11, -1.5599420200052464e-10, -1.611342158892816e-15, 8.085366037673651e-16, 1.7118711143368213e-05, -1.460438321485383e-06, -1.035636633610953e-08, 6.598524176340619e-10], [-1.3715521132042673e-09, -1.3067699756724337e-12, -2.111039117858459e-13, 4.409091209452451e-11, -1.5599420200052464e-10, -1.611342158892816e-15, 8.085366037673651e-16, 1.7118711143368213e-05, -1.460438321485383e-06, -1.035636633610953e-08, 6.598524176340619e-10], [-3.380370923958958e-09, -8.840618612468914e-13, -1.3252462657633283e-13, 2.8416370724570808e-11, -1.207509933059524e-10, -1.024449165571484e-15, 6.010456019062712e-16, 1.667372370521963e-05, -1.4318904935930911e-06, -1.006515535373432e-08, 6.389234508192427e-10], [-3.248345490372815e-09, -9.139066992419122e-13, -1.3799297827022556e-13, 2.958930123835342e-11, -1.2306433712059743e-10, -1.0731111966120662e-15, 6.161631614849346e-16, 2.141348445798406e-05, -1.8511521380314067e-06, -1.3945602137242333e-08, 8.776947290926378e-10], [-3.39595972972009e-09, -8.780317647898861e-13, -1.3225181588167692e-13, 2.8555578422990874e-11, -1.2030099797822306e-10, -1.0300271650360267e-15, 5.95770129519081e-16, 1.6756645540363728e-05, -1.4336432153483968e-06, -9.996294162359785e-09, 6.395914943629949e-10], [-3.380370923958958e-09, -8.840618612468914e-13, -1.3252462657633283e-13, 2.8416370724570808e-11, -1.207509933059524e-10, -1.024449165571484e-15, 6.010456019062712e-16, 1.667372370521963e-05, -1.4318904935930911e-06, -1.006515535373432e-08, 6.389234508192427e-10], [-3.248345490372815e-09, -9.139066992419122e-13, -1.3799297827022556e-13, 2.958930123835342e-11, -1.2306433712059743e-10, -1.0731111966120662e-15, 6.161631614849346e-16, 2.141348445798406e-05, -1.8511521380314067e-06, -1.3945602137242333e-08, 8.776947290926378e-10]]

[[-1.3715521132042673e-09, -1.3067699756724337e-12, -2.111039117858459e-13, 4.409091209452451e-11, -1.5599420200052464e-10, -1.611342158892816e-15, 8.085366037673651e-16, 1.7118711143368213e-05, -1.460438321485383e-06, -1.035636633610953e-08, 6.598524176340619e-10], [-1.3715521132042673e-09, -1.3067699756724337e-12, -2.111039117858459e-13, 4.409091209452451e-11, -1.5599420200052464e-10, -1.611342158892816e-15, 8.085366037673651e-16, 1.7118711143368213e-05, -1.460438321485383e-06, -1.035636633610953e-08, 6.598524176340619e-10], [-3.8406115458550655e-09, -7.872151748149511e-13, -1.1452132090269123e-13, 2.482517542640775e-11, -1.126764192326887e-10, -8.89986069752902e-16, 5.5350732357915835e-16, 1.7220662247257227e-05, -1.466978916382538e-06, -1.0423085705180446e-08, 6.646474547229852e-10], [-9.113114913081599e-10, -1.4036166621043737e-12, -2.291072174594875e-13, 4.7682107392687574e-11, -1.6406877607378834e-10, -1.745805254711398e-15, 8.560748820944779e-16, 1.6571772601330617e-05, -1.425349898695936e-06, -9.998435984663404e-09, 6.341284137303195e-10], [-3.3845773050025177e-09, -8.807980544273468e-13, -1.3269451266328804e-13, 2.8635288024020754e-11, -1.2051407701379766e-10, -1.0333493428158414e-15, 6.145906698869642e-16, 2.1054399056493954e-05, -1.818958334084256e-06, -1.3641073922963138e-08, 8.593347649299354e-10], [-3.2597279150903866e-09, -9.111404096044514e-13, -1.3755028148861443e-13, 2.9509591637323533e-11, -1.228512580850228e-10, -1.0697890188322515e-15, 5.973426211170513e-16, 1.7115730941853835e-05, -1.4658370192955475e-06, -1.030082237663898e-08, 6.579514585256973e-10], [-3.2215386951987075e-09, -9.199664745246417e-13, -1.3910328694194464e-13, 2.982745616943279e-11, -1.2353404460136107e-10, -1.0829916648175337e-15, 6.192326709888983e-16, 2.2375858087234272e-05, -1.3467624942255738e-06, -9.277259118258966e-09, 5.904426954354066e-10], [-3.407177719133065e-09, -8.78002085964162e-13, -1.3141431790461375e-13, 2.8178215793491446e-11, -1.2028128582518872e-10, -1.0145686973660166e-15, 5.979760924023075e-16, 1.571135007596942e-05, -1.9362801373989244e-06, -1.4733498372717685e-08, 9.261754844764741e-10]]

[[-1.3581957073607831e-09, -1.298993425931619e-12, -2.109696823550978e-13, 4.385656720002952e-11, -1.5559085016245524e-10, -1.5967389249067696e-15, 8.035265286584745e-16, 1.703835777152934e-05, -1.4572630166789387e-06, -1.030968485825127e-08, 6.590411117656461e-10], [-1.3683073933269049e-09, -1.2962748599675781e-12, -2.0961565333302137e-13, 4.4076852650576586e-11, -1.5439078649768014e-10, -1.6018351535242898e-15, 8.001046541770325e-16, 1.7049863906368706e-05, -1.4597452887891422e-06, -1.0308608980900404e-08, 6.578689007371223e-10], [-3.816957769230093e-09, -7.841757671720988e-13, -1.14092015812325e-13, 2.4780328523197886e-11, -1.1220662641119914e-10, -8.861262590396162e-16, 5.505203441357329e-16, 1.7081568358598874e-05, -1.458996280524509e-06, -1.0366246649564764e-08, 6.612264110131174e-10], [-9.087734730534812e-10, -1.3928902812039098e-12, -2.2774903604674e-13, 4.751798666787016e-11, -1.6365647149818453e-10, -1.7347051498698325e-15, 8.512167144330622e-16, 1.650175900651432e-05, -1.4159648845427672e-06, -9.963500274147436e-09, 6.31817705938981e-10], [-3.365346318864331e-09, -8.766352984209839e-13, -1.3245812172648377e-13, 2.8588332386297358e-11, -1.1971365575650518e-10, -1.031981062311855e-15, 6.088953895464995e-16, 2.1022891006620495e-05, -1.8129335342136172e-06, -1.3565732816343578e-08, 8.537384001055137e-10], [-3.2450291542763116e-09, -9.041635146517456e-13, -1.369217148682381e-13, 2.927545510578099e-11, -1.2263024002179588e-10, -1.0657217131972124e-15, 5.946494217147541e-16, 1.6991374529379224e-05, -1.4538430037099008e-06, -1.0265749601851547e-08, 6.55783466434311e-10], [-3.2100948187688053e-09, -9.138331621130196e-13, -1.390657926035631e-13, 2.9656070680612865e-11, -1.226027551948568e-10, -1.0733431948837618e-15, 6.151729185730622e-16, 2.2217285780048583e-05, -1.342913009403009e-06, -9.200001634238387e-09, 5.853900761312207e-10], [-3.3790868773049073e-09, -8.757151451201688e-13, -1.3124393592688022e-13, 2.7944610405271695e-11, -1.196449012074849e-10, -1.006622861195303e-15, 5.970604507936073e-16, 1.556968125299728e-05, -1.926932284189109e-06, -1.465104887283783e-08, 9.202449594495327e-10]]
===========================================================>

generation 3

[[-3.2450291542763116e-09, -9.041635146517456e-13, -1.369217148682381e-13, 2.927545510578099e-11, -1.2263024002179588e-10, -1.0657217131972124e-15, 5.946494217147541e-16, 1.6991374529379224e-05, -1.4538430037099008e-06, -1.0265749601851547e-08, 6.55783466434311e-10], [-3.2450291542763116e-09, -9.041635146517456e-13, -1.369217148682381e-13, 2.927545510578099e-11, -1.2263024002179588e-10, -1.0657217131972124e-15, 5.946494217147541e-16, 1.6991374529379224e-05, -1.4538430037099008e-06, -1.0265749601851547e-08, 6.55783466434311e-10], [-9.087734730534812e-10, -1.3928902812039098e-12, -2.2774903604674e-13, 4.751798666787016e-11, -1.6365647149818453e-10, -1.7347051498698325e-15, 8.512167144330622e-16, 1.650175900651432e-05, -1.4159648845427672e-06, -9.963500274147436e-09, 6.31817705938981e-10], [-1.3683073933269049e-09, -1.2962748599675781e-12, -2.0961565333302137e-13, 4.4076852650576586e-11, -1.5439078649768014e-10, -1.6018351535242898e-15, 8.001046541770325e-16, 1.7049863906368706e-05, -1.4597452887891422e-06, -1.0308608980900404e-08, 6.578689007371223e-10], [-3.816957769230093e-09, -7.841757671720988e-13, -1.14092015812325e-13, 2.4780328523197886e-11, -1.1220662641119914e-10, -8.861262590396162e-16, 5.505203441357329e-16, 1.7081568358598874e-05, -1.458996280524509e-06, -1.0366246649564764e-08, 6.612264110131174e-10], [-3.3790868773049073e-09, -8.757151451201688e-13, -1.3124393592688022e-13, 2.7944610405271695e-11, -1.196449012074849e-10, -1.006622861195303e-15, 5.970604507936073e-16, 1.556968125299728e-05, -1.926932284189109e-06, -1.465104887283783e-08, 9.202449594495327e-10], [-1.3581957073607831e-09, -1.298993425931619e-12, -2.109696823550978e-13, 4.385656720002952e-11, -1.5559085016245524e-10, -1.5967389249067696e-15, 8.035265286584745e-16, 1.703835777152934e-05, -1.4572630166789387e-06, -1.030968485825127e-08, 6.590411117656461e-10], [-1.3581957073607831e-09, -1.298993425931619e-12, -2.109696823550978e-13, 4.385656720002952e-11, -1.5559085016245524e-10, -1.5967389249067696e-15, 8.035265286584745e-16, 1.703835777152934e-05, -1.4572630166789387e-06, -1.030968485825127e-08, 6.590411117656461e-10]]

[[-3.2450291542763116e-09, -9.041635146517456e-13, -1.369217148682381e-13, 2.927545510578099e-11, -1.2263024002179588e-10, -1.0657217131972124e-15, 5.946494217147541e-16, 1.6991374529379224e-05, -1.4538430037099008e-06, -1.0265749601851547e-08, 6.55783466434311e-10], [-3.2450291542763116e-09, -9.041635146517456e-13, -1.369217148682381e-13, 2.927545510578099e-11, -1.2263024002179588e-10, -1.0657217131972124e-15, 5.946494217147541e-16, 1.6991374529379224e-05, -1.4538430037099008e-06, -1.0265749601851547e-08, 6.55783466434311e-10], [-1.392756005549089e-09, -1.2911346236013822e-12, -2.0865090182571071e-13, 4.389377377983007e-11, -1.5389782367261718e-10, -1.7417742406883783e-15, 8.539360326072963e-16, 1.6472598146864078e-05, -1.4136356329268838e-06, -9.945139433796668e-09, 6.304317025746039e-10], [-8.843248608312972e-10, -1.3980305175701058e-12, -2.2871378755405064e-13, 4.7701065538616674e-11, -1.6414943432324747e-10, -1.5947660627057442e-15, 7.973853360027983e-16, 1.7079024766018948e-05, -1.4620745404050257e-06, -1.0326969821251172e-08, 6.592549041014995e-10], [-3.493152543104836e-09, -8.518690747713275e-13, -1.2677584904626567e-13, 2.7120312818212477e-11, -1.1770722555311388e-10, -9.752334142030928e-16, 5.626440736419115e-16, 1.6687720737085276e-05, -1.5808939284249772e-06, -1.1482440549254635e-08, 7.287009194282114e-10], [-3.702892103430165e-09, -8.080218375209401e-13, -1.1856010269293956e-13, 2.5604626110257103e-11, -1.1414430206557018e-10, -9.175157060318265e-16, 5.849367212874287e-16, 1.5963528874510876e-05, -1.8050346362886408e-06, -1.3534854973147959e-08, 8.527704510344387e-10], [-1.3581957073607831e-09, -1.298993425931619e-12, -2.109696823550978e-13, 4.385656720002952e-11, -1.5559085016245524e-10, -1.5967389249067696e-15, 8.035265286584745e-16, 1.703835777152934e-05, -1.4572630166789385e-06, -1.030968485825127e-08, 6.590411117656461e-10], [-1.3581957073607831e-09, -1.298993425931619e-12, -2.109696823550978e-13, 4.385656720002952e-11, -1.5559085016245524e-10, -1.5967389249067696e-15, 8.035265286584745e-16, 1.703835777152934e-05, -1.4572630166789385e-06, -1.030968485825127e-08, 6.590411117656461e-10]]

[[-3.2410878304867926e-09, -9.032247338967151e-13, -1.3614867669673237e-13, 2.911908593108333e-11, -1.2231112338484428e-10, -1.0582836208516852e-15, 5.916855682142392e-16, 1.6884907748493516e-05, -1.4453471489309755e-06, -1.0194897060171715e-08, 6.529702401568023e-10], [-3.2215886817639285e-09, -9.01367680648437e-13, -1.369131044189297e-13, 2.915939965733367e-11, -1.223194317785439e-10, -1.058661216992687e-15, 5.929157438700107e-16, 1.686526283708318e-05, -1.4445114339370918e-06, -1.0240962929227114e-08, 6.510914021820968e-10], [-1.3854576672260517e-09, -1.289620908419304e-12, -2.0738140755895066e-13, 4.3711003444501833e-11, -1.5369280844380523e-10, -1.7372367098379895e-15, 8.48341341930437e-16, 1.6334724445097976e-05, -1.40991546054592e-06, -9.913663294891654e-09, 6.255306408388665e-10], [-8.830145217881977e-10, -1.3905405779946446e-12, -2.2725388892783845e-13, 4.73667480458361e-11, -1.6297943768286153e-10, -1.5796636471998061e-15, 7.960075744060476e-16, 1.69929355346863e-05, -1.4586456987420153e-06, -1.0293247180661319e-08, 6.560971020179135e-10], [-3.4870613966930326e-09, -8.477888624078356e-13, -1.2591456315886087e-13, 2.6840903730193875e-11, -1.175333512887547e-10, -9.744540680394802e-16, 5.594237112313859e-16, 1.656482700075969e-05, -1.5691797746248001e-06, -1.137103344839851e-08, 7.233322020644902e-10], [-3.681418088927404e-09, -8.050025625123037e-13, -1.1754025377939157e-13, 2.5436407211158988e-11, -1.1383712515197922e-10, -9.143057641758822e-16, 5.835558233791785e-16, 1.5917828554529894e-05, -1.8027415034711778e-06, -1.3463382235920865e-08, 8.45009835667056e-10], [-1.3497305078414991e-09, -1.2963500363936825e-12, -2.0952834766312846e-13, 4.351084476477329e-11, -1.5437209227232267e-10, -1.5959723811070576e-15, 7.964665278395737e-16, 1.697039485592402e-05, -1.444210717474786e-06, -1.0243519359583199e-08, 6.547583708340318e-10], [-1.35518995944978e-09, -1.2944756355892437e-12, -2.1094448871021918e-13, 4.344050881532674e-11, -1.5456684693665793e-10, -1.581451691752574e-15, 7.976554050196097e-16, 1.692249447761382e-05, -1.449998282570606e-06, -1.0238571839935076e-08, 6.570128531392178e-10]]
===========================================================>

generation 4

[[-3.4870613966930326e-09, -8.477888624078356e-13, -1.2591456315886087e-13, 2.6840903730193875e-11, -1.175333512887547e-10, -9.744540680394802e-16, 5.594237112313859e-16, 1.656482700075969e-05, -1.5691797746248001e-06, -1.137103344839851e-08, 7.233322020644902e-10], [-3.2215886817639285e-09, -9.01367680648437e-13, -1.369131044189297e-13, 2.915939965733367e-11, -1.223194317785439e-10, -1.058661216992687e-15, 5.929157438700107e-16, 1.686526283708318e-05, -1.4445114339370918e-06, -1.0240962929227114e-08, 6.510914021820968e-10], [-1.35518995944978e-09, -1.2944756355892437e-12, -2.1094448871021918e-13, 4.344050881532674e-11, -1.5456684693665793e-10, -1.581451691752574e-15, 7.976554050196097e-16, 1.692249447761382e-05, -1.449998282570606e-06, -1.0238571839935076e-08, 6.570128531392178e-10], [-8.830145217881977e-10, -1.3905405779946446e-12, -2.2725388892783845e-13, 4.73667480458361e-11, -1.6297943768286153e-10, -1.5796636471998061e-15, 7.960075744060476e-16, 1.69929355346863e-05, -1.4586456987420153e-06, -1.0293247180661319e-08, 6.560971020179135e-10], [-3.2215886817639285e-09, -9.01367680648437e-13, -1.369131044189297e-13, 2.915939965733367e-11, -1.223194317785439e-10, -1.058661216992687e-15, 5.929157438700107e-16, 1.686526283708318e-05, -1.4445114339370918e-06, -1.0240962929227114e-08, 6.510914021820968e-10], [-3.4870613966930326e-09, -8.477888624078356e-13, -1.2591456315886087e-13, 2.6840903730193875e-11, -1.175333512887547e-10, -9.744540680394802e-16, 5.594237112313859e-16, 1.656482700075969e-05, -1.5691797746248001e-06, -1.137103344839851e-08, 7.233322020644902e-10], [-1.35518995944978e-09, -1.2944756355892437e-12, -2.1094448871021918e-13, 4.344050881532674e-11, -1.5456684693665793e-10, -1.581451691752574e-15, 7.976554050196097e-16, 1.692249447761382e-05, -1.449998282570606e-06, -1.0238571839935076e-08, 6.570128531392178e-10], [-1.35518995944978e-09, -1.2944756355892437e-12, -2.1094448871021918e-13, 4.344050881532674e-11, -1.5456684693665793e-10, -1.581451691752574e-15, 7.976554050196097e-16, 1.692249447761382e-05, -1.449998282570606e-06, -1.0238571839935076e-08, 6.570128531392178e-10]]

[[-3.25046889504579e-09, -8.955389547148062e-13, -1.3571659645589868e-13, 2.8907175405636817e-11, -1.2179876423888288e-10, -1.0495004999590154e-15, 5.892722167146688e-16, 1.659751077782075e-05, -1.555617370407409e-06, -1.1248095474807026e-08, 7.154732787517386e-10], [-3.4581811834111713e-09, -8.536175883414664e-13, -1.271110711218919e-13, 2.7093127981890725e-11, -1.1805401882841572e-10, -9.836147850731518e-16, 5.630672383867279e-16, 1.683257906002212e-05, -1.458073838154483e-06, -1.0363900902818597e-08, 6.589503254948484e-10], [-8.611377331411456e-10, -1.3949914500090852e-12, -2.280095345482207e-13, 4.754865819823411e-11, -1.5417707556133968e-10, -1.5815345352671926e-15, 7.977317521549828e-16, 1.691923080908146e-05, -1.4495976312854355e-06, -1.0236038627112322e-08, 6.570552816353574e-10], [-1.377066748096832e-09, -1.2900247635748032e-12, -2.1018884308983692e-13, 4.325859866292873e-11, -1.6336920905817978e-10, -1.5795808036851878e-15, 7.959312272706745e-16, 1.699619920321866e-05, -1.4590463500271859e-06, -1.0295780393484073e-08, 6.560546735217737e-10], [-3.541852466144353e-09, -8.367306986634959e-13, -1.2364456777268879e-13, 2.6362387994968715e-11, -1.1654554932731515e-10, -9.570745051423103e-16, 5.998281841441793e-16, 1.692726996568041e-05, -1.4187810619294627e-06, -1.000772701148941e-08, 6.361815810932056e-10], [-3.1667976123126086e-09, -9.124258443927769e-13, -1.391830998051018e-13, 2.963791539255883e-11, -1.2330723373998346e-10, -1.076040779889857e-15, 5.525112709572174e-16, 1.6502819872162456e-05, -1.594910146632429e-06, -1.1604269366136214e-08, 7.382420231533813e-10], [-1.3551899594497797e-09, -1.2944756355892435e-12, -2.1094448871021915e-13, 4.344050881532674e-11, -1.5456684693665793e-10, -1.5814516917525738e-15, 7.976554050196097e-16, 1.6922494477613818e-05, -1.449998282570606e-06, -1.0238571839935076e-08, 6.570128531392178e-10], [-1.3551899594497797e-09, -1.2944756355892435e-12, -2.1094448871021915e-13, 4.344050881532674e-11, -1.5456684693665793e-10, -1.5814516917525738e-15, 7.976554050196097e-16, 1.6922494477613818e-05, -1.449998282570606e-06, -1.0238571839935076e-08, 6.570128531392178e-10]]

[[-3.2227480275851715e-09, -8.931589400931794e-13, -1.3469465755035619e-13, 2.8716650064353922e-11, -1.2074558340179297e-10, -1.0442576816188062e-15, 5.868590673452126e-16, 1.6451089827372895e-05, -1.541567062921017e-06, -1.1243622674151534e-08, 7.120313181989648e-10], [-3.4432110754479027e-09, -8.488704865964093e-13, -1.2560729872748508e-13, 2.6885879197245007e-11, -1.176857455981472e-10, -9.740991789895642e-16, 5.625348371144829e-16, 1.6734841461587193e-05, -1.444747008317051e-06, -1.0359450619150695e-08, 6.519490828778377e-10], [-8.607758648642672e-10, -1.3896382177623024e-12, -2.2582527933126199e-13, 4.7240789908626076e-11, -1.5310703296246538e-10, -1.5671683567653258e-15, 7.918781475698388e-16, 1.677819673951526e-05, -1.4405763911254302e-06, -1.0195229940207759e-08, 6.525015033863502e-10], [-1.3739583458161407e-09, -1.2836238099172793e-12, -2.0950767487448294e-13, 4.309547817768356e-11, -1.6307193717665257e-10, -1.5743959353695187e-15, 7.910638394400362e-16, 1.6806710236203462e-05, -1.4519511448855476e-06, -1.0202967246254542e-08, 6.551193636816861e-10], [-3.5126274571725304e-09, -8.308641190655562e-13, -1.2352715392860665e-13, 2.6318494606613464e-11, -1.1615921381430924e-10, -9.541950385346793e-16, 5.957389896291633e-16, 1.6884899565286752e-05, -1.4147090795878559e-06, -9.932108592840667e-09, 6.313000037875884e-10], [-3.143083565380098e-09, -9.044043627004494e-13, -1.3802121427625045e-13, 2.953236628038617e-11, -1.2211453281712304e-10, -1.0735264318346956e-15, 5.508847958748638e-16, 1.6448812004612918e-05, -1.5877980354979756e-06, -1.152011288512879e-08, 7.37182482310331e-10], [-1.3428938364672403e-09, -1.2939519565058144e-12, -2.097877811501038e-13, 4.3209570192103194e-11, -1.5450223342777819e-10, -1.5657457779082935e-15, 7.918508091964548e-16, 1.6742601839175647e-05, -1.447442455393424e-06, -1.017540733216293e-08, 6.55496297689793e-10], [-1.3418070085125705e-09, -1.2870143811305286e-12, -2.0987714368044905e-13, 4.304075478073896e-11, -1.544707844066052e-10, -1.5710894354886977e-15, 7.971401028453463e-16, 1.689762626123929e-05, -1.4496465397452876e-06, -1.0237675133218557e-08, 6.500559028925538e-10]]
===========================================================>

generation 5

[[-8.607758648642672e-10, -1.3896382177623024e-12, -2.2582527933126199e-13, 4.7240789908626076e-11, -1.5310703296246538e-10, -1.5671683567653258e-15, 7.918781475698388e-16, 1.677819673951526e-05, -1.4405763911254302e-06, -1.0195229940207759e-08, 6.525015033863502e-10], [-1.3428938364672403e-09, -1.2939519565058144e-12, -2.097877811501038e-13, 4.3209570192103194e-11, -1.5450223342777819e-10, -1.5657457779082935e-15, 7.918508091964548e-16, 1.6742601839175647e-05, -1.447442455393424e-06, -1.017540733216293e-08, 6.55496297689793e-10], [-3.5126274571725304e-09, -8.308641190655562e-13, -1.2352715392860665e-13, 2.6318494606613464e-11, -1.1615921381430924e-10, -9.541950385346793e-16, 5.957389896291633e-16, 1.6884899565286752e-05, -1.4147090795878559e-06, -9.932108592840667e-09, 6.313000037875884e-10], [-3.2227480275851715e-09, -8.931589400931794e-13, -1.3469465755035619e-13, 2.8716650064353922e-11, -1.2074558340179297e-10, -1.0442576816188062e-15, 5.868590673452126e-16, 1.6451089827372895e-05, -1.541567062921017e-06, -1.1243622674151534e-08, 7.120313181989648e-10], [-3.5126274571725304e-09, -8.308641190655562e-13, -1.2352715392860665e-13, 2.6318494606613464e-11, -1.1615921381430924e-10, -9.541950385346793e-16, 5.957389896291633e-16, 1.6884899565286752e-05, -1.4147090795878559e-06, -9.932108592840667e-09, 6.313000037875884e-10], [-8.607758648642672e-10, -1.3896382177623024e-12, -2.2582527933126199e-13, 4.7240789908626076e-11, -1.5310703296246538e-10, -1.5671683567653258e-15, 7.918781475698388e-16, 1.677819673951526e-05, -1.4405763911254302e-06, -1.0195229940207759e-08, 6.525015033863502e-10], [-3.5126274571725304e-09, -8.308641190655562e-13, -1.2352715392860665e-13, 2.6318494606613464e-11, -1.1615921381430924e-10, -9.541950385346793e-16, 5.957389896291633e-16, 1.6884899565286752e-05, -1.4147090795878559e-06, -9.932108592840667e-09, 6.313000037875884e-10], [-3.4432110754479027e-09, -8.488704865964093e-13, -1.2560729872748508e-13, 2.6885879197245007e-11, -1.176857455981472e-10, -9.740991789895642e-16, 5.625348371144829e-16, 1.6734841461587193e-05, -1.444747008317051e-06, -1.0359450619150695e-08, 6.519490828778377e-10]]

[[-1.2906614238443859e-09, -1.304318556746145e-12, -2.1152527543941926e-13, 4.364631045902734e-11, -1.5325818826197333e-10, -1.5670142353049662e-15, 7.91875185744553e-16, 1.677434040635343e-05, -1.4413202569903523e-06, -1.0193082369066165e-08, 6.528259578580594e-10], [-9.130082774871215e-10, -1.3792716175219718e-12, -2.240877850419465e-13, 4.680404964170193e-11, -1.5435107812827023e-10, -1.565899899368653e-15, 7.918537710217407e-16, 1.674645817233748e-05, -1.4466985895285019e-06, -1.0177554903304524e-08, 6.551718432180838e-10], [-3.273102961277753e-09, -8.823377114647717e-13, -1.3275475134457485e-13, 2.8300066661968576e-11, -1.1994888548916021e-10, -9.698398134231063e-16, 5.941964590037921e-16, 1.680954250866861e-05, -1.4367455702357404e-06, -1.0159931604274437e-08, 6.453238342811375e-10], [-3.4622725234799484e-09, -8.416853476939638e-13, -1.2546706013438796e-13, 2.6735078008998803e-11, -1.1695591172694196e-10, -1.028612906730379e-15, 5.884015979705837e-16, 1.6526446883991035e-05, -1.519530572273132e-06, -1.1015799662717762e-08, 6.980074877054156e-10], [-2.1122545011581676e-10, -1.526505585684365e-12, -2.5088240921591184e-13, 5.236554335649249e-11, -1.6215711378951708e-10, -8.040519934859627e-16, 5.476962289564657e-16, 1.6911035592255883e-05, -1.408373082887892e-06, -9.86765906602431e-09, 6.26106861419588e-10], [-4.16217787192098e-09, -6.939967511434934e-13, -9.847002404395675e-14, 2.119374115874703e-11, -1.0710913298725752e-10, -1.7173114018140423e-15, 8.399209082425363e-16, 1.6752060712546127e-05, -1.4469123878253938e-06, -1.0259679467024113e-08, 6.576946457543503e-10], [-3.448536834446629e-09, -8.474890032702942e-13, -1.2544770599726722e-13, 2.6842348354607866e-11, -1.1756862712866448e-10, -9.557221226682203e-16, 5.93191502859374e-16, 1.6873386817484943e-05, -1.417013647548013e-06, -9.964895099218701e-09, 6.328842410533185e-10], [-3.507301698173804e-09, -8.322456023916713e-13, -1.2368674665882454e-13, 2.6362025449250605e-11, -1.1627633228379196e-10, -9.72572094856023e-16, 5.650823238842722e-16, 1.6746354209389e-05, -1.4424424403568939e-06, -1.032666411277266e-08, 6.503648456121075e-10]]

[[-1.284306191955984e-09, -1.2991819719479528e-12, -2.094558171723688e-13, 4.32764253603386e-11, -1.5228515610494093e-10, -1.5584830784073603e-15, 7.863206594343506e-16, 1.6604292030246436e-05, -1.4287225727316782e-06, -1.0089926830028787e-08, 6.476475091611851e-10], [-9.116195150449344e-10, -1.368522817362047e-12, -2.224198753964111e-13, 4.643158359019949e-11, -1.5279343389397372e-10, -1.5592922422868686e-15, 7.853364092673181e-16, 1.668933814040255e-05, -1.4453942441407227e-06, -1.0110690559057433e-08, 6.50065718182883e-10], [-3.2509483214631516e-09, -8.755459831844643e-13, -1.3203624528318428e-13, 2.8281048276037223e-11, -1.196418196682104e-10, -9.652007656080345e-16, 5.936136142109845e-16, 1.6795310975049738e-05, -1.4199063937897716e-06, -1.0139302551633804e-08, 6.398090535697894e-10], [-3.44796400421061e-09, -8.352944020381069e-13, -1.245854269751519e-13, 2.657945799175026e-11, -1.1650791285750904e-10, -1.0218609681169662e-15, 5.859843049388391e-16, 1.649637873295764e-05, -1.510399636384756e-06, -1.0990684338191171e-08, 6.926310310002951e-10], [-2.0942196456087264e-10, -1.51660480466977e-12, -2.5086001903308885e-13, 5.185262778201586e-11, -1.6174070130933268e-10, -7.974971961678354e-16, 5.4311304980549225e-16, 1.6784257016644648e-05, -1.3972914322050457e-06, -9.804580299714647e-09, 6.222531631897397e-10], [-4.135884888781999e-09, -6.928524648279806e-13, -9.821132651891574e-14, 2.103845145595447e-11, -1.0692106459380834e-10, -1.7105015834581546e-15, 8.383765737912265e-16, 1.6643487591530597e-05, -1.446905320895982e-06, -1.0206333752869888e-08, 6.551015177194714e-10], [-3.4398729168897366e-09, -8.432976098344295e-13, -1.245636849738867e-13, 2.673382114668474e-11, -1.1754409271600133e-10, -9.499839008470828e-16, 5.91105947816377e-16, 1.6789040121017312e-05, -1.410387297724368e-06, -9.842282184412991e-09, 6.322895575315771e-10], [-3.506626625918004e-09, -8.302337865092113e-13, -1.235697525778112e-13, 2.6110770537808855e-11, -1.1571306359418766e-10, -9.678350115968314e-16, 5.640380490184148e-16, 1.671224003800732e-05, -1.4325414007603964e-06, -1.0283779859165798e-08, 6.437374378590855e-10]]
===========================================================>

generation 6

[[-3.506626625918004e-09, -8.302337865092113e-13, -1.235697525778112e-13, 2.6110770537808855e-11, -1.1571306359418766e-10, -9.678350115968314e-16, 5.640380490184148e-16, 1.671224003800732e-05, -1.4325414007603964e-06, -1.0283779859165798e-08, 6.437374378590855e-10], [-2.0942196456087264e-10, -1.51660480466977e-12, -2.5086001903308885e-13, 5.185262778201586e-11, -1.6174070130933268e-10, -7.974971961678354e-16, 5.4311304980549225e-16, 1.6784257016644648e-05, -1.3972914322050457e-06, -9.804580299714647e-09, 6.222531631897397e-10], [-3.2509483214631516e-09, -8.755459831844643e-13, -1.3203624528318428e-13, 2.8281048276037223e-11, -1.196418196682104e-10, -9.652007656080345e-16, 5.936136142109845e-16, 1.6795310975049738e-05, -1.4199063937897716e-06, -1.0139302551633804e-08, 6.398090535697894e-10], [-2.0942196456087264e-10, -1.51660480466977e-12, -2.5086001903308885e-13, 5.185262778201586e-11, -1.6174070130933268e-10, -7.974971961678354e-16, 5.4311304980549225e-16, 1.6784257016644648e-05, -1.3972914322050457e-06, -9.804580299714647e-09, 6.222531631897397e-10], [-3.2509483214631516e-09, -8.755459831844643e-13, -1.3203624528318428e-13, 2.8281048276037223e-11, -1.196418196682104e-10, -9.652007656080345e-16, 5.936136142109845e-16, 1.6795310975049738e-05, -1.4199063937897716e-06, -1.0139302551633804e-08, 6.398090535697894e-10], [-3.44796400421061e-09, -8.352944020381069e-13, -1.245854269751519e-13, 2.657945799175026e-11, -1.1650791285750904e-10, -1.0218609681169662e-15, 5.859843049388391e-16, 1.649637873295764e-05, -1.510399636384756e-06, -1.0990684338191171e-08, 6.926310310002951e-10], [-2.0942196456087264e-10, -1.51660480466977e-12, -2.5086001903308885e-13, 5.185262778201586e-11, -1.6174070130933268e-10, -7.974971961678354e-16, 5.4311304980549225e-16, 1.6784257016644648e-05, -1.3972914322050457e-06, -9.804580299714647e-09, 6.222531631897397e-10], [-3.2509483214631516e-09, -8.755459831844643e-13, -1.3203624528318428e-13, 2.8281048276037223e-11, -1.196418196682104e-10, -9.652007656080345e-16, 5.936136142109845e-16, 1.6795310975049738e-05, -1.4199063937897716e-06, -1.0139302551633804e-08, 6.398090535697894e-10]]

[[4.242597747936047e-11, -1.569031373886328e-12, -2.60582737196213e-13, 5.381884900183501e-11, -1.6525639627706983e-10, -9.808457988161376e-16, 5.65636347738155e-16, 1.670673921845725e-05, -1.4352338730056571e-06, -1.032038220426399e-08, 6.453784553018654e-10], [-3.758474567958237e-09, -7.778072172926537e-13, -1.1384703441468707e-13, 2.414454931798971e-11, -1.1219736862645054e-10, -7.844864089485294e-16, 5.415147510857523e-16, 1.6789757836194716e-05, -1.3945989599597852e-06, -9.767977954616458e-09, 6.206121457469599e-10], [9.015850785351176e-11, -1.5797470175097643e-12, -2.6256377500852985e-13, 5.417435184267675e-11, -1.658873044849204e-10, -7.809789389959191e-16, 5.381389081520893e-16, 1.6796399754068054e-05, -1.4221338940906683e-06, -1.0172271606835312e-08, 6.415382517803441e-10], [-3.550528793877536e-09, -8.124037703444699e-13, -1.2033248930774328e-13, 2.595932421537633e-11, -1.1549521649262268e-10, -9.817190227799508e-16, 5.985877558643875e-16, 1.6783168237626333e-05, -1.395063931904149e-06, -9.771611244513141e-09, 6.20523964979185e-10], [-3.4558494339010098e-09, -8.336833576347846e-13, -1.242872126244738e-13, 2.651135290305125e-11, -1.163824801941422e-10, -1.0241287573452006e-15, 5.93918972551056e-16, 1.6807275551393806e-05, -1.4162844582565799e-06, -1.010522652720792e-08, 6.37694886903829e-10], [-3.243062891772752e-09, -8.771570275877867e-13, -1.3233445963386235e-13, 2.8349153364736237e-11, -1.1976725233157722e-10, -9.629329763798e-16, 5.856789465987676e-16, 1.6484414156613572e-05, -1.5140215719179476e-06, -1.1024760362617055e-08, 6.947451976662555e-10], [-2.862919350117851e-09, -9.573303788739099e-13, -1.4719543224696295e-13, 3.128824094031659e-11, -1.5636985002575885e-10, -8.188923234509315e-16, 5.495557630222135e-16, 1.6785667248089625e-05, -1.4001765823734212e-06, -9.84728317842021e-09, 6.244928919593959e-10], [-5.974509359061736e-10, -1.4348204089803243e-12, -2.357008320693102e-13, 4.88454351177365e-11, -1.2501267095178422e-10, -9.438056383249385e-16, 5.871709009942633e-16, 1.6793900743604765e-05, -1.4170212436213963e-06, -1.0096599672928242e-08, 6.375693248001333e-10]]

[[4.229106689049008e-11, -1.5659537370622952e-12, -2.5960122517388643e-13, 5.3766872164044555e-11, -1.643401418900993e-10, -9.7173043039117e-16, 5.641794890773616e-16, 1.6619178306252573e-05, -1.4296516415307484e-06, -1.0220212751888957e-08, 6.395266982610411e-10], [-3.750546667319493e-09, -7.747705298248891e-13, -1.130781404794203e-13, 2.4075952046551536e-11, -1.1209482152179053e-10, -7.798868102694939e-16, 5.414455479778781e-16, 1.6728783425130463e-05, -1.3823601408909985e-06, -9.697712618495062e-09, 6.170109878894753e-10], [8.94583930714138e-11, -1.5710826176551373e-12, -2.620981880657452e-13, 5.4014345454812526e-11, -1.6570169080857532e-10, -7.755070167381034e-16, 5.34181252077754e-16, 1.6694275819550067e-05, -1.4183082449593384e-06, -1.0104169251421502e-08, 6.385033347919896e-10], [-3.5411743088092285e-09, -8.07092687849818e-13, -1.1995998043041705e-13, 2.58033009521054e-11, -1.1514643563704188e-10, -9.72642242096965e-16, 5.941548044506992e-16, 1.6711581693117265e-05, -1.3909753534611279e-06, -9.687773446180972e-09, 6.205050263133169e-10], [-3.4186952985448155e-09, -8.262928762263389e-13, -1.237081458699712e-13, 2.6397062506538047e-11, -1.1595562682804694e-10, -1.0173145933936784e-15, 5.918931179733718e-16, 1.6708619231339924e-05, -1.4090981237701637e-06, -1.0027185515033269e-08, 6.31207476742208e-10], [-3.225616419052993e-09, -8.712030140054488e-13, -1.3174714446312368e-13, 2.8335819583711046e-11, -1.1931605517122358e-10, -9.53077403338507e-16, 5.822868163189839e-16, 1.6345626457782042e-05, -1.5088171991043226e-06, -1.0950857236413864e-08, 6.901508195752544e-10], [-2.8488475768201685e-09, -9.5364031151128e-13, -1.4622693570707108e-13, 3.1068565685969845e-11, -1.559293159860861e-10, -8.156191859585142e-16, 5.445316232453223e-16, 1.676822341594694e-05, -1.391515808403119e-06, -9.841108889757368e-09, 6.206631622436469e-10], [-5.956437786776786e-10, -1.423551620266744e-12, -2.349861733979647e-13, 4.881844096851351e-11, -1.2415944318004652e-10, -9.379016464379737e-16, 5.830707423924159e-16, 1.669210309874728e-05, -1.4157830081001678e-06, -1.0030472553435688e-08, 6.324671469497276e-10]]
===========================================================>

generation 7

[[8.94583930714138e-11, -1.5710826176551373e-12, -2.620981880657452e-13, 5.4014345454812526e-11, -1.6570169080857532e-10, -7.755070167381034e-16, 5.34181252077754e-16, 1.6694275819550067e-05, -1.4183082449593384e-06, -1.0104169251421502e-08, 6.385033347919896e-10], [4.229106689049008e-11, -1.5659537370622952e-12, -2.5960122517388643e-13, 5.3766872164044555e-11, -1.643401418900993e-10, -9.7173043039117e-16, 5.641794890773616e-16, 1.6619178306252573e-05, -1.4296516415307484e-06, -1.0220212751888957e-08, 6.395266982610411e-10], [-3.225616419052993e-09, -8.712030140054488e-13, -1.3174714446312368e-13, 2.8335819583711046e-11, -1.1931605517122358e-10, -9.53077403338507e-16, 5.822868163189839e-16, 1.6345626457782042e-05, -1.5088171991043226e-06, -1.0950857236413864e-08, 6.901508195752544e-10], [-3.225616419052993e-09, -8.712030140054488e-13, -1.3174714446312368e-13, 2.8335819583711046e-11, -1.1931605517122358e-10, -9.53077403338507e-16, 5.822868163189839e-16, 1.6345626457782042e-05, -1.5088171991043226e-06, -1.0950857236413864e-08, 6.901508195752544e-10], [-3.225616419052993e-09, -8.712030140054488e-13, -1.3174714446312368e-13, 2.8335819583711046e-11, -1.1931605517122358e-10, -9.53077403338507e-16, 5.822868163189839e-16, 1.6345626457782042e-05, -1.5088171991043226e-06, -1.0950857236413864e-08, 6.901508195752544e-10], [4.229106689049008e-11, -1.5659537370622952e-12, -2.5960122517388643e-13, 5.3766872164044555e-11, -1.643401418900993e-10, -9.7173043039117e-16, 5.641794890773616e-16, 1.6619178306252573e-05, -1.4296516415307484e-06, -1.0220212751888957e-08, 6.395266982610411e-10], [8.94583930714138e-11, -1.5710826176551373e-12, -2.620981880657452e-13, 5.4014345454812526e-11, -1.6570169080857532e-10, -7.755070167381034e-16, 5.34181252077754e-16, 1.6694275819550067e-05, -1.4183082449593384e-06, -1.0104169251421502e-08, 6.385033347919896e-10], [4.229106689049008e-11, -1.5659537370622952e-12, -2.5960122517388643e-13, 5.3766872164044555e-11, -1.643401418900993e-10, -9.7173043039117e-16, 5.641794890773616e-16, 1.6619178306252573e-05, -1.4296516415307484e-06, -1.0220212751888957e-08, 6.395266982610411e-10]]

[[3.8065118182690965e-11, -1.565494215862585e-12, -2.59377510200818e-13, 5.374469983590952e-11, -1.6421815414225517e-10, -9.893110343496464e-16, 5.668671761088137e-16, 1.661244995709703e-05, -1.4172919352389372e-06, -1.0093772353387302e-08, 6.384116467129779e-10], [9.368434177921291e-11, -1.5715421388548471e-12, -2.6232190303881355e-13, 5.403651778294755e-11, -1.658236785564194e-10, -7.579264127796267e-16, 5.314935650463018e-16, 1.6701004168705604e-05, -1.4306679512511495e-06, -1.0230609649923156e-08, 6.396183863400527e-10], [-3.2256164190529932e-09, -8.712030140054488e-13, -1.317471444631237e-13, 2.8335819583711052e-11, -1.1931605517122358e-10, -9.53077403338507e-16, 5.82286816318984e-16, 1.6345626457782046e-05, -1.5088171991043228e-06, -1.0950857236413864e-08, 6.901508195752545e-10], [-3.2256164190529932e-09, -8.712030140054488e-13, -1.317471444631237e-13, 2.8335819583711052e-11, -1.1931605517122358e-10, -9.53077403338507e-16, 5.82286816318984e-16, 1.6345626457782046e-05, -1.5088171991043228e-06, -1.0950857236413864e-08, 6.901508195752545e-10], [-1.0685076504945885e-10, -1.5342464760630178e-12, -2.537661787718014e-13, 5.260624145882829e-11, -1.2137087918431452e-10, -9.539286962951853e-16, 5.814604281889748e-16, 1.635811090661878e-05, -1.5052042154645298e-06, -1.0917511844175073e-08, 6.878404193495355e-10], [-3.076474587113044e-09, -9.029102750047261e-13, -1.375821908652087e-13, 2.949645028892731e-11, -1.6228531787700836e-10, -9.708791374344917e-16, 5.650058772073708e-16, 1.6606693857415835e-05, -1.4332646251705412e-06, -1.0253558144127747e-08, 6.4183709848676e-10], [5.463431094673329e-11, -1.5672959167027085e-12, -2.6025465679422834e-13, 5.3831633588375323e-11, -1.6469644639060879e-10, -9.203806151614797e-16, 5.420315075516998e-16, 1.6674623509154257e-05, -1.4212767047734606e-06, -1.0134536740176671e-08, 6.387711393524662e-10], [7.711514901517058e-11, -1.5697404380147236e-12, -2.614447564454033e-13, 5.394958403048175e-11, -1.6534538630806578e-10, -8.268568319677937e-16, 5.563292336034158e-16, 1.6638830616648384e-05, -1.426683181716626e-06, -1.0189845263133789e-08, 6.392588937005643e-10]]

[[3.8018336381127355e-11, -1.5528734829856733e-12, -2.591522956304375e-13, 5.3294778938474025e-11, -1.6419602618568388e-10, -9.81623087048927e-16, 5.626677102217705e-16, 1.6459849128606014e-05, -1.415552855986214e-06, -1.0046678719719254e-08, 6.329171037222736e-10], [9.34079436112194e-11, -1.5675107224619307e-12, -2.608049641268132e-13, 5.399919317004255e-11, -1.6523783887169133e-10, -7.568434018329049e-16, 5.312503692619588e-16, 1.6559256722156905e-05, -1.4245484178243986e-06, -1.0150809638920009e-08, 6.371654965924299e-10], [-3.202214551969232e-09, -8.630973147674398e-13, -1.3064644915726234e-13, 2.8331026522040255e-11, -1.19218000099614e-10, -9.526166636851597e-16, 5.779046874017653e-16, 1.6268119140521224e-05, -1.5016826831845123e-06, -1.094471637514604e-08, 6.855816693042416e-10], [-3.2068727087408714e-09, -8.650437791072675e-13, -1.315580797892194e-13, 2.8136885972110424e-11, -1.189882572730185e-10, -9.438964807951663e-16, 5.771792128194925e-16, 1.6241246584469253e-05, -1.502073920424739e-06, -1.0871530202321797e-08, 6.879935735452338e-10], [-1.067651727963883e-10, -1.5180691662003708e-12, -2.5072017976715594e-13, 5.2161564531194324e-11, -1.2133095941775532e-10, -9.5215293676954e-16, 5.798223628865233e-16, 1.627640267887981e-05, -1.490598960798251e-06, -1.0796299169367084e-08, 6.860444853796938e-10], [-3.071289548160132e-09, -8.947961377878716e-13, -1.3717224820458403e-13, 2.927226353117579e-11, -1.6174028725405128e-10, -9.693833748304288e-16, 5.622467186716391e-16, 1.641748828685285e-05, -1.4304894559398297e-06, -1.0225805555950982e-08, 6.368026518878031e-10], [5.4522097003287815e-11, -1.5639397253468673e-12, -2.57888211512377e-13, 5.347332623299892e-11, -1.6368042687813158e-10, -9.188524134071972e-16, 5.374915945413052e-16, 1.6630748107967303e-05, -1.4164601533914403e-06, -1.0047452238073422e-08, 6.330869798073732e-10], [7.652528989951029e-11, -1.5649477505167017e-12, -2.5921413775963205e-13, 5.372241377398525e-11, -1.6452928564826048e-10, -8.230654402308087e-16, 5.543074575524961e-16, 1.6517797426281997e-05, -1.4206925630730403e-06, -1.0097284452084498e-08, 6.332467882009071e-10]]
===========================================================>
