Best Vector
[-3.422747273948892e-10, -1.3668113171216272e-12, -2.1693214457537602e-13, 4.0646223244364405e-11, -1.4732028432708626e-10, -4.32010124568554e-16, 4.767870711199899e-16, 1.5960626804991424e-05, -1.3757809250282142e-06, -9.617213066072282e-09, 6.023578236759241e-10]
===========================================================>


generation 1

[[-3.548330684715398e-10, -1.3864142816932345e-12, -2.2080734329857315e-13, 4.195989695157215e-11, -1.5415565681148144e-10, -4.873442356206607e-16, 5.575771086185493e-16, 1.5807498674479656e-05, -1.3678338314604715e-06, -9.533950786224575e-09, 6.00148832658105e-10], [-4.284504033517704e-10, -1.3785963568686244e-12, -2.2138494169139788e-13, 4.445227623892825e-11, -1.6688140246854373e-10, -1.792313335800708e-15, 8.017134379928759e-16, 2.2358884119772915e-05, -1.998653012776156e-06, -1.5563400768854394e-08, 9.89249868781368e-10], [0.0, -1.45799022e-12, -2.28980078e-13, 4.62010753e-11, -1.75214813e-10, -1.8366977e-15, 8.5294406e-16, 2.29423303e-05, -2.04721003e-06, -1.59792834e-08, 9.98214034e-10], [0.0, -1.45799022e-12, -2.28980078e-13, 4.62010753e-11, -1.75214813e-10, -1.8366977e-15, 8.5294406e-16, 2.29423303e-05, -2.04721003e-06, -1.59792834e-08, 9.98214034e-10], [-4.055602815799549e-10, -1.4128371947304094e-12, -2.2176453661837746e-13, 4.272808295025534e-11, -1.5093181158763617e-10, -3.6674484141504946e-16, 5.435020211172908e-16, 1.550882276478362e-05, -1.3285480590260884e-06, -9.28563588135342e-09, 5.774766039414713e-10], [0.0, -1.45799022e-12, -2.28980078e-13, 4.62010753e-11, -1.75214813e-10, -1.8366977e-15, 8.5294406e-16, 2.29423303e-05, -2.04721003e-06, -1.59792834e-08, 9.98214034e-10], [-4.120736076514669e-10, -1.4169947817467603e-12, -2.2413682126264467e-13, 4.3047808887219104e-11, -1.5281509566787303e-10, -3.679804186376781e-16, 5.463396351506202e-16, 1.5597768639592316e-05, -1.3433158921386455e-06, -9.421222435344715e-09, 5.870578220520035e-10], [-3.548330684715398e-10, -1.3864142816932345e-12, -2.2080734329857315e-13, 4.195989695157215e-11, -1.5415565681148144e-10, -4.873442356206607e-16, 5.575771086185493e-16, 1.5807498674479656e-05, -1.3678338314604715e-06, -9.533950786224575e-09, 6.00148832658105e-10]]

[[-4.2516767482953935e-10, -1.3789449721077953e-12, -2.2135918554684844e-13, 4.4341136592428786e-11, -1.6631393872779487e-10, -1.7341224315420744e-15, 7.908269627754047e-16, 1.609963665932226e-05, -1.395963186078436e-06, -9.802814736047619e-09, 6.174995432127534e-10], [-3.5811579699377084e-10, -1.3860656664540636e-12, -2.208330994431226e-13, 4.2071036598071616e-11, -1.547231205522303e-10, -5.455351398792944e-16, 5.684635838360205e-16, 2.206674613493031e-05, -1.9705236581581915e-06, -1.5294536819031348e-08, 9.718991582267197e-10], [0.0, -1.45799022e-12, -2.28980078e-13, 4.620107530000001e-11, -1.7521481300000001e-10, -1.8366977e-15, 8.5294406e-16, 2.2942330300000002e-05, -2.04721003e-06, -1.59792834e-08, 9.982140340000002e-10], [0.0, -1.45799022e-12, -2.28980078e-13, 4.620107530000001e-11, -1.7521481300000001e-10, -1.8366977e-15, 8.5294406e-16, 2.2942330300000002e-05, -2.04721003e-06, -1.59792834e-08, 9.982140340000002e-10], [1.6390634275606161e-10, -1.476238721079738e-12, -2.318962240147414e-13, 4.7604677921659115e-11, -1.85028737423603e-10, -2.4307760849341967e-15, 9.78004415246461e-16, 2.5946566881551786e-05, -1.0381023208948655e-06, -6.580412183891192e-09, 4.074364482516145e-10], [-5.694666243360165e-10, -1.3945886936506718e-12, -2.1884839060363613e-13, 4.132448032859624e-11, -1.4111788716403317e-10, 2.273335435191468e-16, 4.1844166587082996e-16, 1.2504586183231836e-05, -2.3376557681312233e-06, -1.868450709746223e-08, 1.168254189689857e-09], [-3.5498944110217414e-10, -1.3864978230663241e-12, -2.2081643893665308e-13, 4.196286896500377e-11, -1.5415199459802998e-10, -3.68306502813886e-16, 5.463703342550143e-16, 1.559834159082143e-05, -1.3433828714984562e-06, -9.421530392415468e-09, 5.870935847438905e-10], [-4.1191723502083254e-10, -1.4169112403736707e-12, -2.2412772562456473e-13, 4.3044836873787484e-11, -1.528187578813245e-10, -4.870181514444528e-16, 5.575464095141551e-16, 1.5806925723250542e-05, -1.3677668521006609e-06, -9.533642829153822e-09, 6.00113069966218e-10]]

[[-4.225872447407409e-10, -1.369037188205852e-12, -2.1984236498194296e-13, 4.410567911415546e-11, -1.6617731235720382e-10, -1.7271739394186108e-15, 7.892055078290623e-16, 1.6095349183253856e-05, -1.389208374369412e-06, -9.79806312527319e-09, 6.158510172761629e-10], [-3.575446685695166e-10, -1.3799066728231937e-12, -2.207319016124085e-13, 4.189748277476554e-11, -1.5468451722410227e-10, -5.425140740684544e-16, 5.659470761851245e-16, 2.196197071263914e-05, -1.9606789346437503e-06, -1.5247103995498855e-08, 9.6736617600834e-10], [-1.794043778625229e-12, -1.455830177134716e-12, -2.2873924087163175e-13, 4.5880952761635106e-11, -1.735528776683935e-10, -1.8349675495174332e-15, 8.475018515478719e-16, 2.278858280354337e-05, -2.036499927028251e-06, -1.5901742854350838e-08, 9.975250653938836e-10], [-1.0783107861969514e-10, -1.443548700205889e-12, -2.2779137754021887e-13, 4.6086426894860366e-11, -1.7399643435772363e-10, -1.8225383104718853e-15, 8.52862107044023e-16, 2.2720809542345766e-05, -2.0402948052258434e-06, -1.586577019939395e-08, 9.952277838106808e-10], [1.6303545798931998e-10, -1.4718970267140892e-12, -2.2971405173341054e-13, 4.71847386957554e-11, -1.84022897866978e-10, -2.425984181562527e-15, 9.735139027180627e-16, 2.5945134512058186e-05, -1.0325371864392375e-06, -6.54656551527044e-09, 4.05445399733344e-10], [-5.655323433327751e-10, -1.394332383696174e-12, -2.1845676098528915e-13, 4.094457347379809e-11, -1.407931956541901e-10, 2.2559764562884297e-16, 4.160874458538576e-16, 1.241407987366564e-05, -2.3191779359547085e-06, -1.8509363773889396e-08, 1.1579502795612588e-09], [-3.5452599050643206e-10, -1.3820862587548651e-12, -2.1869491204179988e-13, 4.173549390194286e-11, -1.5358324015516687e-10, -3.675596797306236e-16, 5.457857947386463e-16, 1.5427657574271964e-05, -1.330046603131965e-06, -9.389520038087173e-09, 5.85307402495997e-10], [-4.10907562507431e-10, -1.4157193627642036e-12, -2.224424169452373e-13, 4.2975049019967166e-11, -1.5177277184428514e-10, -4.864015750275798e-16, 5.57521529290337e-16, 1.5775455625247628e-05, -1.3670015948348567e-06, -9.477058832022739e-09, 5.990373751681981e-10]]
===========================================================>

generation 2

[[-1.0783107861969514e-10, -1.443548700205889e-12, -2.2779137754021887e-13, 4.6086426894860366e-11, -1.7399643435772363e-10, -1.8225383104718853e-15, 8.52862107044023e-16, 2.2720809542345766e-05, -2.0402948052258434e-06, -1.586577019939395e-08, 9.952277838106808e-10], [-4.225872447407409e-10, -1.369037188205852e-12, -2.1984236498194296e-13, 4.410567911415546e-11, -1.6617731235720382e-10, -1.7271739394186108e-15, 7.892055078290623e-16, 1.6095349183253856e-05, -1.389208374369412e-06, -9.79806312527319e-09, 6.158510172761629e-10], [-1.0783107861969514e-10, -1.443548700205889e-12, -2.2779137754021887e-13, 4.6086426894860366e-11, -1.7399643435772363e-10, -1.8225383104718853e-15, 8.52862107044023e-16, 2.2720809542345766e-05, -2.0402948052258434e-06, -1.586577019939395e-08, 9.952277838106808e-10], [-4.225872447407409e-10, -1.369037188205852e-12, -2.1984236498194296e-13, 4.410567911415546e-11, -1.6617731235720382e-10, -1.7271739394186108e-15, 7.892055078290623e-16, 1.6095349183253856e-05, -1.389208374369412e-06, -9.79806312527319e-09, 6.158510172761629e-10], [-4.10907562507431e-10, -1.4157193627642036e-12, -2.224424169452373e-13, 4.2975049019967166e-11, -1.5177277184428514e-10, -4.864015750275798e-16, 5.57521529290337e-16, 1.5775455625247628e-05, -1.3670015948348567e-06, -9.477058832022739e-09, 5.990373751681981e-10], [-3.575446685695166e-10, -1.3799066728231937e-12, -2.207319016124085e-13, 4.189748277476554e-11, -1.5468451722410227e-10, -5.425140740684544e-16, 5.659470761851245e-16, 2.196197071263914e-05, -1.9606789346437503e-06, -1.5247103995498855e-08, 9.6736617600834e-10], [-4.225872447407409e-10, -1.369037188205852e-12, -2.1984236498194296e-13, 4.410567911415546e-11, -1.6617731235720382e-10, -1.7271739394186108e-15, 7.892055078290623e-16, 1.6095349183253856e-05, -1.389208374369412e-06, -9.79806312527319e-09, 6.158510172761629e-10], [-3.5452599050643206e-10, -1.3820862587548651e-12, -2.1869491204179988e-13, 4.173549390194286e-11, -1.5358324015516687e-10, -3.675596797306236e-16, 5.457857947386463e-16, 1.5427657574271964e-05, -1.330046603131965e-06, -9.389520038087173e-09, 5.85307402495997e-10]]

[[-4.374320652774774e-10, -1.3655230075713858e-12, -2.1946746632204991e-13, 4.401226126091539e-11, -1.6580853971556503e-10, -1.7226762770174866e-15, 7.862032766004558e-16, 1.5782873112598716e-05, -2.0710019438311952e-06, -1.615194099533054e-08, 1.0131203006894335e-09], [-9.29862580829587e-11, -1.4470628808403553e-12, -2.28166276200112e-13, 4.617984474810044e-11, -1.7436520699936247e-10, -1.8270359728730095e-15, 8.558643382726297e-16, 2.3033285613000906e-05, -1.358501235764061e-06, -9.511892329336602e-09, 5.979585003974104e-10], [-4.4806830756799165e-10, -1.3630051141021912e-12, -2.191988532410669e-13, 4.394532781979616e-11, -1.6554431589710412e-10, -1.7194537236076355e-15, 8.580154224626057e-16, 2.325717320997462e-05, -2.09300346048454e-06, -1.6356980989887458e-08, 1.0259402027043197e-09], [-8.235001579244442e-11, -1.4495807743095502e-12, -2.2843488928109496e-13, 4.624677818921966e-11, -1.7462943081782338e-10, -1.830258526282861e-15, 7.840521924104798e-16, 1.5558985515625005e-05, -1.3364997191107159e-06, -9.306852334779682e-09, 5.851385983825243e-10], [-3.5330206526676705e-10, -1.3770593940230436e-12, -2.2059590752616374e-13, 4.181181114465974e-11, -1.549160147995439e-10, -5.469752840251954e-16, 5.666169471468622e-16, 1.5283598317568358e-05, -1.3198014290123055e-06, -9.018312859661135e-09, 5.697534875896821e-10], [-4.1515016581018047e-10, -1.4185666415643533e-12, -2.2257841103148207e-13, 4.306072065007295e-11, -1.5154127426884347e-10, -4.819403650708387e-16, 5.568516583285993e-16, 2.2453828020318408e-05, -2.0078791004663012e-06, -1.5705849967860457e-08, 9.966500635868556e-10], [-3.3187093203829423e-10, -1.3864298086874745e-12, -2.18312967663301e-13, 4.0946547457051696e-11, -1.4939114223838662e-10, 8.500530594103753e-17, 4.647604317123384e-16, 1.6317598870103505e-05, -1.4089011261639759e-06, -9.934051914064671e-09, 6.260178498809626e-10], [-4.452423032088786e-10, -1.3646936382732424e-12, -2.2022430936044183e-13, 4.489462555904662e-11, -1.7036941027398405e-10, -2.179738925090272e-15, 8.7023087085537e-16, 1.5205407887422308e-05, -1.3103538513374007e-06, -9.253531249295692e-09, 5.751405698911972e-10]]

[[-4.3251388588267495e-10, -1.3547090843096283e-12, -2.1879194971964634e-13, 4.36230294770648e-11, -1.6464426223075879e-10, -1.707813449312884e-15, 7.849688097539226e-16, 1.5682346160270224e-05, -2.067767257734158e-06, -1.59838305919459e-08, 1.0072583224452607e-09], [-9.208044807074038e-11, -1.4467883063252944e-12, -2.281344347577096e-13, 4.592388549211043e-11, -1.7354303057821277e-10, -1.817008888627115e-15, 8.476166570880406e-16, 2.2801529030696817e-05, -1.3484751779652831e-06, -9.45853203790163e-09, 5.968922968152613e-10], [-4.4367701276872093e-10, -1.3626390717937032e-12, -2.1716761785089964e-13, 4.3864070782651194e-11, -1.6393648065857322e-10, -1.7075401392510143e-15, 8.564722332903223e-16, 2.3104663824957484e-05, -2.072529885777717e-06, -1.622500912168704e-08, 1.0193507387768385e-09], [-8.175142036571864e-11, -1.447274780106944e-12, -2.27085561864971e-13, 4.5824632226611093e-11, -1.7341534995991265e-10, -1.812363499832944e-15, 7.78960006351773e-16, 1.5486525187154552e-05, -1.3267934035221895e-06, -9.285545953619906e-09, 5.798384562171765e-10], [-3.5109993857105785e-10, -1.369799049652932e-12, -2.2006464364494923e-13, 4.179902129899323e-11, -1.53760443083148e-10, -5.463466555846391e-16, 5.658816676735676e-16, 1.5144033557020155e-05, -1.3177874227285934e-06, -9.015466738145265e-09, 5.680864053659852e-10], [-4.1372771859592885e-10, -1.4168419047819533e-12, -2.214204587093365e-13, 4.305375310167222e-11, -1.5060219076316928e-10, -4.766755412435677e-16, 5.533784452411116e-16, 2.2244216569304366e-05, -1.992151605310454e-06, -1.5695729433477108e-08, 9.912563767723464e-10], [-3.313566856335531e-10, -1.3798155546097048e-12, -2.1740146092283554e-13, 4.0628620755775834e-11, -1.4842253362399023e-10, 8.478876260415007e-17, 4.639681282481473e-16, 1.6256732401342944e-05, -1.4018723038889425e-06, -9.900503187929006e-09, 6.237606266895903e-10], [-4.414138442439648e-10, -1.3645623837192653e-12, -2.180615894124596e-13, 4.4857137682100774e-11, -1.6937095359321346e-10, -2.1674986286364197e-15, 8.676825321634143e-16, 1.5165749088940725e-05, -1.3006535619599453e-06, -9.239972150481954e-09, 5.694336776381881e-10]]
===========================================================>

generation 3

[[-9.208044807074038e-11, -1.4467883063252944e-12, -2.281344347577096e-13, 4.592388549211043e-11, -1.7354303057821277e-10, -1.817008888627115e-15, 8.476166570880406e-16, 2.2801529030696817e-05, -1.3484751779652831e-06, -9.45853203790163e-09, 5.968922968152613e-10], [-3.5109993857105785e-10, -1.369799049652932e-12, -2.2006464364494923e-13, 4.179902129899323e-11, -1.53760443083148e-10, -5.463466555846391e-16, 5.658816676735676e-16, 1.5144033557020155e-05, -1.3177874227285934e-06, -9.015466738145265e-09, 5.680864053659852e-10], [-3.313566856335531e-10, -1.3798155546097048e-12, -2.1740146092283554e-13, 4.0628620755775834e-11, -1.4842253362399023e-10, 8.478876260415007e-17, 4.639681282481473e-16, 1.6256732401342944e-05, -1.4018723038889425e-06, -9.900503187929006e-09, 6.237606266895903e-10], [-3.5109993857105785e-10, -1.369799049652932e-12, -2.2006464364494923e-13, 4.179902129899323e-11, -1.53760443083148e-10, -5.463466555846391e-16, 5.658816676735676e-16, 1.5144033557020155e-05, -1.3177874227285934e-06, -9.015466738145265e-09, 5.680864053659852e-10], [-3.313566856335531e-10, -1.3798155546097048e-12, -2.1740146092283554e-13, 4.0628620755775834e-11, -1.4842253362399023e-10, 8.478876260415007e-17, 4.639681282481473e-16, 1.6256732401342944e-05, -1.4018723038889425e-06, -9.900503187929006e-09, 6.237606266895903e-10], [-3.5109993857105785e-10, -1.369799049652932e-12, -2.2006464364494923e-13, 4.179902129899323e-11, -1.53760443083148e-10, -5.463466555846391e-16, 5.658816676735676e-16, 1.5144033557020155e-05, -1.3177874227285934e-06, -9.015466738145265e-09, 5.680864053659852e-10], [-4.4367701276872093e-10, -1.3626390717937032e-12, -2.1716761785089964e-13, 4.3864070782651194e-11, -1.6393648065857322e-10, -1.7075401392510143e-15, 8.564722332903223e-16, 2.3104663824957484e-05, -2.072529885777717e-06, -1.622500912168704e-08, 1.0193507387768385e-09], [-4.4367701276872093e-10, -1.3626390717937032e-12, -2.1716761785089964e-13, 4.3864070782651194e-11, -1.6393648065857322e-10, -1.7075401392510143e-15, 8.564722332903223e-16, 2.3104663824957484e-05, -2.072529885777717e-06, -1.622500912168704e-08, 1.0193507387768385e-09]]

[[-3.2715527560515017e-10, -1.3769162044255501e-12, -2.2081064321442985e-13, 4.218033809756137e-11, -1.5558921430514347e-10, -6.638110937044896e-16, 5.919262303981817e-16, 2.2093643504684916e-05, -1.345638295092479e-06, -9.417573539936621e-09, 5.942293799789524e-10], [-1.1602511103664807e-10, -1.4396711515526763e-12, -2.27388435188229e-13, 4.5542568693542283e-11, -1.7171425935621732e-10, -1.6995444505072646e-15, 8.215720943634265e-16, 1.5851919083032053e-05, -1.3206243056013975e-06, -9.056425236110274e-09, 5.70749322202294e-10], [-3.5225537791921293e-10, -1.3692128512187287e-12, -2.2022050175598073e-13, 4.186751694381002e-11, -1.4811014180864333e-10, 1.217248591277554e-16, 4.580038165952183e-16, 1.6321851155149463e-05, -1.4067932244983853e-06, -9.95229839826585e-09, 6.270188631209834e-10], [-3.30201246285398e-10, -1.3804017530439082e-12, -2.1724560281180401e-13, 4.056012511095904e-11, -1.5407283489849491e-10, -5.832827521082445e-16, 5.718459793264965e-16, 1.5078914803213636e-05, -1.3128665021191506e-06, -8.96367152780842e-09, 5.648281689345921e-10], [-3.5189371773559456e-10, -1.3693963352187234e-12, -2.2017171713293318e-13, 4.184607735243636e-11, -1.4820792251991964e-10, 1.1016361580312523e-16, 4.598706857225332e-16, 1.6301468553071503e-05, -1.4052529436917604e-06, -9.936086153710665e-09, 6.259990134958766e-10], [-3.305629064690164e-10, -1.3802182690439134e-12, -2.172943874348516e-13, 4.0581564702332706e-11, -1.539750541872186e-10, -5.717215087836142e-16, 5.699791101991817e-16, 1.5099297405291597e-05, -1.3144067829257756e-06, -8.979883772363606e-09, 5.65848018559699e-10], [-4.4367701276872093e-10, -1.3626390717937032e-12, -2.1716761785089964e-13, 4.3864070782651194e-11, -1.6393648065857322e-10, -1.7075401392510143e-15, 8.564722332903223e-16, 2.3104663824957484e-05, -2.072529885777717e-06, -1.622500912168704e-08, 1.0193507387768383e-09], [-4.4367701276872093e-10, -1.3626390717937032e-12, -2.1716761785089964e-13, 4.3864070782651194e-11, -1.6393648065857322e-10, -1.7075401392510143e-15, 8.564722332903223e-16, 2.3104663824957484e-05, -2.072529885777717e-06, -1.622500912168704e-08, 1.0193507387768383e-09]]

[[-3.2504399651216206e-10, -1.3754538157720974e-12, -2.2045862440960881e-13, 4.1960887969878966e-11, -1.5468893834629863e-10, -6.622251156980446e-16, 5.885945998072553e-16, 2.201892053292874e-05, -1.3326136572232038e-06, -9.372041366696694e-09, 5.935500534381392e-10], [-1.1601605803624322e-10, -1.4366706597059337e-12, -2.2599625556979122e-13, 4.544958554209275e-11, -1.7096842497207014e-10, -1.689628066725159e-15, 8.213245351777029e-16, 1.5745886396815992e-05, -1.310361163834232e-06, -8.976097460286359e-09, 5.691082024616362e-10], [-3.4870675549056e-10, -1.3677474066322405e-12, -2.194966584482367e-13, 4.1489038524731706e-11, -1.4753758241245495e-10, 1.2049781457371074e-16, 4.569959593884026e-16, 1.625675712545559e-05, -1.4031685808988232e-06, -9.90039878116312e-09, 6.208381843692507e-10], [-3.2978711015520333e-10, -1.3775837452487182e-12, -2.164729480883813e-13, 4.047433067098821e-11, -1.5275709333150772e-10, -5.822724001418699e-16, 5.68472065523529e-16, 1.5052219798516613e-05, -1.3060254267360157e-06, -8.945383235643806e-09, 5.590691933361342e-10], [-3.4873974703686027e-10, -1.363602323234516e-12, -2.197134024565091e-13, 4.137080719473321e-11, -1.4815691600160707e-10, 1.0992475652209538e-16, 4.562739831351383e-16, 1.6208287054084348e-05, -1.3947498456911698e-06, -9.928487005607065e-09, 6.235867536060349e-10], [-3.27712050746829e-10, -1.3767053984827283e-12, -2.172551521889407e-13, 4.035315748584116e-11, -1.5319626952223372e-10, -5.710387673122887e-16, 5.662437213952251e-16, 1.5028166866130589e-05, -1.3023610620219187e-06, -8.961364501392288e-09, 5.641801983687503e-10], [-4.4003747533763195e-10, -1.3536505133979685e-12, -2.1484372741490026e-13, 4.368483788111527e-11, -1.623914794042382e-10, -1.7030603123205786e-15, 8.563301985603298e-16, 2.288974744409302e-05, -2.05622751836002e-06, -1.6163167742365692e-08, 1.0113332550413857e-09], [-4.43610318912004e-10, -1.3519095898234179e-12, -2.149708129980192e-13, 4.352814429759108e-11, -1.638588927350634e-10, -1.7012106388563629e-15, 8.499897102892057e-16, 2.307967239000954e-05, -2.0660346477226256e-06, -1.6108135298936255e-08, 1.011609336307754e-09]]
===========================================================>

generation 4

[[-3.2978711015520333e-10, -1.3775837452487182e-12, -2.164729480883813e-13, 4.047433067098821e-11, -1.5275709333150772e-10, -5.822724001418699e-16, 5.68472065523529e-16, 1.5052219798516613e-05, -1.3060254267360157e-06, -8.945383235643806e-09, 5.590691933361342e-10], [-3.4870675549056e-10, -1.3677474066322405e-12, -2.194966584482367e-13, 4.1489038524731706e-11, -1.4753758241245495e-10, 1.2049781457371074e-16, 4.569959593884026e-16, 1.625675712545559e-05, -1.4031685808988232e-06, -9.90039878116312e-09, 6.208381843692507e-10], [-3.2978711015520333e-10, -1.3775837452487182e-12, -2.164729480883813e-13, 4.047433067098821e-11, -1.5275709333150772e-10, -5.822724001418699e-16, 5.68472065523529e-16, 1.5052219798516613e-05, -1.3060254267360157e-06, -8.945383235643806e-09, 5.590691933361342e-10], [-3.4873974703686027e-10, -1.363602323234516e-12, -2.197134024565091e-13, 4.137080719473321e-11, -1.4815691600160707e-10, 1.0992475652209538e-16, 4.562739831351383e-16, 1.6208287054084348e-05, -1.3947498456911698e-06, -9.928487005607065e-09, 6.235867536060349e-10], [-4.4003747533763195e-10, -1.3536505133979685e-12, -2.1484372741490026e-13, 4.368483788111527e-11, -1.623914794042382e-10, -1.7030603123205786e-15, 8.563301985603298e-16, 2.288974744409302e-05, -2.05622751836002e-06, -1.6163167742365692e-08, 1.0113332550413857e-09], [-3.4873974703686027e-10, -1.363602323234516e-12, -2.197134024565091e-13, 4.137080719473321e-11, -1.4815691600160707e-10, 1.0992475652209538e-16, 4.562739831351383e-16, 1.6208287054084348e-05, -1.3947498456911698e-06, -9.928487005607065e-09, 6.235867536060349e-10], [-3.4870675549056e-10, -1.3677474066322405e-12, -2.194966584482367e-13, 4.1489038524731706e-11, -1.4753758241245495e-10, 1.2049781457371074e-16, 4.569959593884026e-16, 1.625675712545559e-05, -1.4031685808988232e-06, -9.90039878116312e-09, 6.208381843692507e-10], [-3.4870675549056e-10, -1.3677474066322405e-12, -2.194966584482367e-13, 4.1489038524731706e-11, -1.4753758241245495e-10, 1.2049781457371074e-16, 4.569959593884026e-16, 1.625675712545559e-05, -1.4031685808988232e-06, -9.90039878116312e-09, 6.208381843692507e-10]]

[[-3.4406298810375646e-10, -1.3701617049799686e-12, -2.1875449825932472e-13, 4.123998167642274e-11, -1.4881869493604261e-10, -4.097796633243167e-16, 5.411106062095566e-16, 1.5347869693421013e-05, -1.3298689081098153e-06, -9.179788794815952e-09, 5.742301977308257e-10], [-3.3443087754200685e-10, -1.37516944690099e-12, -2.1721510827729332e-13, 4.0723387519297183e-11, -1.5147598080792008e-10, -5.1994922243842513e-17, 4.84357418702375e-16, 1.5961107230551192e-05, -1.3793250995250236e-06, -9.665993221990974e-09, 6.056771799745592e-10], [-3.4886939354191994e-10, -1.363506682585079e-12, -2.1973556895430339e-13, 4.1376939589338625e-11, -1.4812544824768974e-10, 1.1465976741973813e-16, 4.555064862772141e-16, 1.5044311659916474e-05, -1.3054185027020245e-06, -8.938658262824321e-09, 5.586278575865919e-10], [-3.2965746365014366e-10, -1.3776793858981551e-12, -2.1645078159058702e-13, 4.046819827638279e-11, -1.5278856108542505e-10, -5.870074110395127e-16, 5.692395623814532e-16, 1.6216195192684487e-05, -1.395356769725161e-06, -9.93521197842655e-09, 6.240280893555771e-10], [-3.38137297978301e-10, -1.364758031692944e-12, -2.202789201590997e-13, 4.1102077699170266e-11, -1.6404454609227268e-10, -1.913603139552903e-15, 9.027889190953264e-16, 2.366566864980444e-05, -2.1330452383446972e-06, -1.688720421225566e-08, 1.0563624425755968e-09], [-4.506399243961912e-10, -1.3524948049395405e-12, -2.1427820971230963e-13, 4.395356737667821e-11, -1.465038493135726e-10, 3.204675837544196e-16, 4.098152626001417e-16, 1.5432365848372925e-05, -1.3179321257064923e-06, -9.204450535717095e-09, 5.785575660718239e-10], [-3.4870675549056e-10, -1.3677474066322403e-12, -2.1949665844823673e-13, 4.1489038524731706e-11, -1.4753758241245495e-10, 1.2049781457371074e-16, 4.569959593884027e-16, 1.625675712545559e-05, -1.4031685808988232e-06, -9.90039878116312e-09, 6.208381843692507e-10], [-3.4870675549056e-10, -1.3677474066322403e-12, -2.1949665844823673e-13, 4.1489038524731706e-11, -1.4753758241245495e-10, 1.2049781457371074e-16, 4.569959593884027e-16, 1.625675712545559e-05, -1.4031685808988232e-06, -9.90039878116312e-09, 6.208381843692507e-10]]

[[-3.4398676302175743e-10, -1.3697504141961235e-12, -2.1788517592143807e-13, 4.0877214092795815e-11, -1.4839409134757088e-10, -4.0884929502864843e-16, 5.363860676056993e-16, 1.518228212244102e-05, -1.3213481816048975e-06, -9.160963890321257e-09, 5.706456730518996e-10], [-3.3235755042945767e-10, -1.368181148517222e-12, -2.1693968559144455e-13, 4.0419078631266e-11, -1.509259698038123e-10, -5.1842909393705693e-17, 4.822147792647034e-16, 1.5939329037157422e-05, -1.3736900340568845e-06, -9.603962776265898e-09, 6.014314514501481e-10], [-3.488399017547656e-10, -1.3603609938279243e-12, -2.1741001949064302e-13, 4.13670847433708e-11, -1.4675004140542247e-10, 1.1402953780093625e-16, 4.524502984875302e-16, 1.497491864211085e-05, -1.3031669638383483e-06, -8.912933000720369e-09, 5.562995775420503e-10], [-3.278966202171368e-10, -1.3667879469246529e-12, -2.1399435657622417e-13, 4.0006800690296154e-11, -1.527519808274663e-10, -5.821049016879241e-16, 5.69142354056059e-16, 1.6049230167961156e-05, -1.3918983740333403e-06, -9.822130723930278e-09, 6.226675951442418e-10], [-3.375461425968931e-10, -1.358019335510147e-12, -2.1899464567082164e-13, 4.063897796606112e-11, -1.6387850881996848e-10, -1.8958167094736518e-15, 8.999708613496686e-16, 2.3471734275859702e-05, -2.1318442035577505e-06, -1.6861643466452045e-08, 1.044146636016592e-09], [-4.4601955992922243e-10, -1.3512744510460334e-12, -2.1237322585777524e-13, 4.360823522704255e-11, -1.4649540751484321e-10, 3.190065090113756e-16, 4.0643097018608026e-16, 1.529600583715458e-05, -1.3149970116701396e-06, -9.19156934210542e-09, 5.737487995823131e-10], [-3.4695940007211084e-10, -1.3655461671570533e-12, -2.17244111392479e-13, 4.1485908484771525e-11, -1.457173750990484e-10, 1.2032104959038477e-16, 4.569829285998346e-16, 1.6128653467441768e-05, -1.3949135517335423e-06, -9.861971677623287e-09, 6.180604446556543e-10], [-3.4824784501048635e-10, -1.3665559279844384e-12, -2.1902544693490334e-13, 4.1377384766035175e-11, -1.4720280815100796e-10, 1.2009583800913702e-16, 4.558931151974341e-16, 1.6129423069005187e-05, -1.3945680056901297e-06, -9.837393833600236e-09, 6.192759983532617e-10]]
===========================================================>

generation 5

[[-3.3235755042945767e-10, -1.368181148517222e-12, -2.1693968559144455e-13, 4.0419078631266e-11, -1.509259698038123e-10, -5.1842909393705693e-17, 4.822147792647034e-16, 1.5939329037157422e-05, -1.3736900340568845e-06, -9.603962776265898e-09, 6.014314514501481e-10], [-3.4695940007211084e-10, -1.3655461671570533e-12, -2.17244111392479e-13, 4.1485908484771525e-11, -1.457173750990484e-10, 1.2032104959038477e-16, 4.569829285998346e-16, 1.6128653467441768e-05, -1.3949135517335423e-06, -9.861971677623287e-09, 6.180604446556543e-10], [-3.3235755042945767e-10, -1.368181148517222e-12, -2.1693968559144455e-13, 4.0419078631266e-11, -1.509259698038123e-10, -5.1842909393705693e-17, 4.822147792647034e-16, 1.5939329037157422e-05, -1.3736900340568845e-06, -9.603962776265898e-09, 6.014314514501481e-10], [-3.3235755042945767e-10, -1.368181148517222e-12, -2.1693968559144455e-13, 4.0419078631266e-11, -1.509259698038123e-10, -5.1842909393705693e-17, 4.822147792647034e-16, 1.5939329037157422e-05, -1.3736900340568845e-06, -9.603962776265898e-09, 6.014314514501481e-10], [-3.3235755042945767e-10, -1.368181148517222e-12, -2.1693968559144455e-13, 4.0419078631266e-11, -1.509259698038123e-10, -5.1842909393705693e-17, 4.822147792647034e-16, 1.5939329037157422e-05, -1.3736900340568845e-06, -9.603962776265898e-09, 6.014314514501481e-10], [-3.4398676302175743e-10, -1.3697504141961235e-12, -2.1788517592143807e-13, 4.0877214092795815e-11, -1.4839409134757088e-10, -4.0884929502864843e-16, 5.363860676056993e-16, 1.518228212244102e-05, -1.3213481816048975e-06, -9.160963890321257e-09, 5.706456730518996e-10], [-3.4398676302175743e-10, -1.3697504141961235e-12, -2.1788517592143807e-13, 4.0877214092795815e-11, -1.4839409134757088e-10, -4.0884929502864843e-16, 5.363860676056993e-16, 1.518228212244102e-05, -1.3213481816048975e-06, -9.160963890321257e-09, 5.706456730518996e-10], [-3.4398676302175743e-10, -1.3697504141961235e-12, -2.1788517592143807e-13, 4.0877214092795815e-11, -1.4839409134757088e-10, -4.0884929502864843e-16, 5.363860676056993e-16, 1.518228212244102e-05, -1.3213481816048975e-06, -9.160963890321257e-09, 5.706456730518996e-10]]

[[-3.461273945305122e-10, -1.365696306978194e-12, -2.1722676537401798e-13, 4.1425121093325807e-11, -1.4601415802479818e-10, 1.1051123977561264e-16, 4.584206258842004e-16, 1.611786586319905e-05, -1.37489933868276e-06, -9.618663984740479e-09, 6.023789625420151e-10], [-3.331895559710563e-10, -1.3680310086960813e-12, -2.1695703160990555e-13, 4.0479866022711716e-11, -1.5062918687806252e-10, -4.203309957893356e-17, 4.807770819803375e-16, 1.5950116641400136e-05, -1.393704247107667e-06, -9.847270469148707e-09, 6.171129335637873e-10], [-3.323575504294576e-10, -1.368181148517222e-12, -2.1693968559144455e-13, 4.0419078631266e-11, -1.509259698038123e-10, -5.1842909393705693e-17, 4.822147792647034e-16, 1.5939329037157422e-05, -1.3736900340568845e-06, -9.603962776265898e-09, 6.014314514501481e-10], [-3.323575504294576e-10, -1.368181148517222e-12, -2.1693968559144455e-13, 4.0419078631266e-11, -1.509259698038123e-10, -5.1842909393705693e-17, 4.822147792647034e-16, 1.5939329037157422e-05, -1.3736900340568845e-06, -9.603962776265898e-09, 6.014314514501481e-10], [-3.4477307058548543e-10, -1.3698565198729288e-12, -2.1794910511630016e-13, 4.090819085719442e-11, -1.4822289874404923e-10, -4.329882312718325e-16, 4.785519952695409e-16, 1.599051665716298e-05, -1.377229121003303e-06, -9.63391608324835e-09, 6.035130274999167e-10], [-3.3157124286572966e-10, -1.3680750428404167e-12, -2.1687575639658248e-13, 4.038810186686739e-11, -1.5109716240733396e-10, -2.7703973150521618e-17, 5.400488516008617e-16, 1.5131094502435463e-05, -1.317809094658479e-06, -9.131010583338805e-09, 5.68564097002131e-10], [-3.439867630217575e-10, -1.3697504141961235e-12, -2.178851759214381e-13, 4.087721409279582e-11, -1.4839409134757088e-10, -4.0884929502864843e-16, 5.363860676056993e-16, 1.518228212244102e-05, -1.3213481816048977e-06, -9.160963890321257e-09, 5.706456730518996e-10], [-3.439867630217575e-10, -1.3697504141961235e-12, -2.178851759214381e-13, 4.087721409279582e-11, -1.4839409134757088e-10, -4.0884929502864843e-16, 5.363860676056993e-16, 1.518228212244102e-05, -1.3213481816048977e-06, -9.160963890321257e-09, 5.706456730518996e-10]]

[[-3.460588058243833e-10, -1.359676431450474e-12, -2.1666987249059764e-13, 4.127667824525551e-11, -1.448838536360035e-10, 1.1001843491026015e-16, 4.561893963237205e-16, 1.5956335506887864e-05, -1.3726304162832993e-06, -9.61581988114225e-09, 5.989975618195445e-10], [-3.295219606388107e-10, -1.360328905439266e-12, -2.1558730183550078e-13, 4.047058740971412e-11, -1.4940156807806925e-10, -4.180618220670857e-17, 4.761782448736783e-16, 1.5905907047871553e-05, -1.3904699653342852e-06, -9.771317191380013e-09, 6.122908638555419e-10], [-3.3219342767950697e-10, -1.3662595390440655e-12, -2.167426374263366e-13, 4.0294004845000644e-11, -1.4995772726209471e-10, -5.166217027009547e-17, 4.781817712453823e-16, 1.5884103443680148e-05, -1.3637328558766908e-06, -9.59744850405065e-09, 6.000514251801094e-10], [-3.3017592701965787e-10, -1.3565879679767469e-12, -2.150271678632671e-13, 4.010168459874667e-11, -1.5005882522628879e-10, -5.174063545791582e-17, 4.795707187472601e-16, 1.590460884148252e-05, -1.3719840616582522e-06, -9.588315096098413e-09, 5.970296650960182e-10], [-3.422747273948892e-10, -1.3668113171216272e-12, -2.1693214457537602e-13, 4.0646223244364405e-11, -1.4732028432708626e-10, -4.32010124568554e-16, 4.767870711199899e-16, 1.5960626804991424e-05, -1.3757809250282142e-06, -9.617213066072282e-09, 6.023578236759241e-10], [-3.300238969572716e-10, -1.3648821154385423e-12, -2.1510214450866464e-13, 4.009634776221353e-11, -1.5097653889725861e-10, -2.7694630381591447e-17, 5.3774111181072345e-16, 1.5109974232897064e-05, -1.3154577651534162e-06, -9.075818299500647e-09, 5.66404356754694e-10], [-3.4339505376322283e-10, -1.364788476820297e-12, -2.1732559223598064e-13, 4.0823415011393464e-11, -1.479575600098619e-10, -4.0536911514401965e-16, 5.338757409355129e-16, 1.5125431863637221e-05, -1.3111080743757312e-06, -9.136313870798156e-09, 5.701931769105551e-10], [-3.4163900130476643e-10, -1.3575279827057957e-12, -2.170977448940131e-13, 4.070024934866887e-11, -1.4727487268665177e-10, -4.0546847262751935e-16, 5.328714747724028e-16, 1.5117184260018269e-05, -1.3107170432499004e-06, -9.113515475165033e-09, 5.678220567859895e-10]]
===========================================================>

generation 6

[[-3.422747273948892e-10, -1.3668113171216272e-12, -2.1693214457537602e-13, 4.0646223244364405e-11, -1.4732028432708626e-10, -4.32010124568554e-16, 4.767870711199899e-16, 1.5960626804991424e-05, -1.3757809250282142e-06, -9.617213066072282e-09, 6.023578236759241e-10], [-3.3017592701965787e-10, -1.3565879679767469e-12, -2.150271678632671e-13, 4.010168459874667e-11, -1.5005882522628879e-10, -5.174063545791582e-17, 4.795707187472601e-16, 1.590460884148252e-05, -1.3719840616582522e-06, -9.588315096098413e-09, 5.970296650960182e-10], [-3.4339505376322283e-10, -1.364788476820297e-12, -2.1732559223598064e-13, 4.0823415011393464e-11, -1.479575600098619e-10, -4.0536911514401965e-16, 5.338757409355129e-16, 1.5125431863637221e-05, -1.3111080743757312e-06, -9.136313870798156e-09, 5.701931769105551e-10], [-3.422747273948892e-10, -1.3668113171216272e-12, -2.1693214457537602e-13, 4.0646223244364405e-11, -1.4732028432708626e-10, -4.32010124568554e-16, 4.767870711199899e-16, 1.5960626804991424e-05, -1.3757809250282142e-06, -9.617213066072282e-09, 6.023578236759241e-10], [-3.4339505376322283e-10, -1.364788476820297e-12, -2.1732559223598064e-13, 4.0823415011393464e-11, -1.479575600098619e-10, -4.0536911514401965e-16, 5.338757409355129e-16, 1.5125431863637221e-05, -1.3111080743757312e-06, -9.136313870798156e-09, 5.701931769105551e-10], [-3.4163900130476643e-10, -1.3575279827057957e-12, -2.170977448940131e-13, 4.070024934866887e-11, -1.4727487268665177e-10, -4.0546847262751935e-16, 5.328714747724028e-16, 1.5117184260018269e-05, -1.3107170432499004e-06, -9.113515475165033e-09, 5.678220567859895e-10], [-3.3017592701965787e-10, -1.3565879679767469e-12, -2.150271678632671e-13, 4.010168459874667e-11, -1.5005882522628879e-10, -5.174063545791582e-17, 4.795707187472601e-16, 1.590460884148252e-05, -1.3719840616582522e-06, -9.588315096098413e-09, 5.970296650960182e-10], [-3.295219606388107e-10, -1.360328905439266e-12, -2.1558730183550078e-13, 4.047058740971412e-11, -1.4940156807806925e-10, -4.180618220670857e-17, 4.761782448736783e-16, 1.5905907047871553e-05, -1.3904699653342852e-06, -9.771317191380013e-09, 6.122908638555419e-10]]

[[-3.2878970363885904e-10, -1.3554166249365134e-12, -2.1480890463250844e-13, 4.003929393364824e-11, -1.4700651525031732e-10, -4.755796058775238e-16, 4.764681339274459e-16, 1.5967045078568348e-05, -1.376215951693165e-06, -9.620524058930502e-09, 6.029682989107409e-10], [-3.436609507756881e-10, -1.367982660161861e-12, -2.1715040780613476e-13, 4.070861390946284e-11, -1.5037259430305778e-10, -8.171154148946023e-18, 4.798896559398042e-16, 1.58981905679056e-05, -1.3715490349933017e-06, -9.585004103240196e-09, 5.964191898612016e-10], [-3.423371855298437e-10, -1.3666985438833073e-12, -2.1695407926135517e-13, 4.065610167587396e-11, -1.4735581241222565e-10, -4.3052488972182107e-16, 5.306930506548076e-16, 1.5171993936828483e-05, -1.3147135823313782e-06, -9.163123975145372e-09, 5.719863542428218e-10], [-3.433325956282683e-10, -1.3649012500586166e-12, -2.1730365755000143e-13, 4.08135365798839e-11, -1.479220319247225e-10, -4.068543499907526e-16, 4.799697614006952e-16, 1.591406473180016e-05, -1.3721754170725673e-06, -9.590402961725064e-09, 6.005646463436573e-10], [-3.417458621002978e-10, -1.3579698044596336e-12, -2.171116100539661e-13, 4.0707744330175556e-11, -1.4731641615541668e-10, -4.05462426441554e-16, 5.329325872298345e-16, 1.5117686150197977e-05, -1.3110842790175788e-06, -9.13492652346553e-09, 5.700488874950588e-10], [-3.4328819296769146e-10, -1.364346655066459e-12, -2.1731172707602765e-13, 4.081592002988678e-11, -1.4791601654109698e-10, -4.0537516132998505e-16, 5.338146284780813e-16, 1.5124929973457516e-05, -1.3107408386080533e-06, -9.114902822497661e-09, 5.679663462014858e-10], [-3.294903587017719e-10, -1.360509680588599e-12, -2.156143694631988e-13, 4.0488414080544686e-11, -1.493698071196704e-10, -4.132611476692261e-17, 4.760143087006601e-16, 1.59045461076207e-05, -1.371090758300183e-06, -9.579471796408354e-09, 5.9629219072966e-10], [-3.3020752895669663e-10, -1.3564071928274136e-12, -2.1500010023556904e-13, 4.00838579279161e-11, -1.5009058618468762e-10, -5.222070289770177e-17, 4.797346549202783e-16, 1.590596978173337e-05, -1.391363268692354e-06, -9.780160491070071e-09, 6.130283382219e-10]]

[[-3.2700836912755453e-10, -1.3406787854195971e-12, -2.1435882856257522e-13, 3.970944538486658e-11, -1.4666342185744738e-10, -4.706930549302939e-16, 4.748339039420857e-16, 1.5815154322591253e-05, -1.3759179324051323e-06, -9.595883261945312e-09, 6.017972707222385e-10], [-3.4045337457989434e-10, -1.356922476556315e-12, -2.1520491767259982e-13, 4.0441465065088694e-11, -1.4911584936500583e-10, -8.151312280482848e-18, 4.792103122225436e-16, 1.5793082536104666e-05, -1.3594301254559684e-06, -9.545128338740574e-09, 5.901719416663878e-10], [-3.396842994810033e-10, -1.3527892765035754e-12, -2.147339047213404e-13, 4.035755895753975e-11, -1.460119576783048e-10, -4.278811779768162e-16, 5.298610254785817e-16, 1.5058915917245575e-05, -1.3063443929560492e-06, -9.140660623546844e-09, 5.675203537853662e-10], [-3.425140104859374e-10, -1.3596477638582973e-12, -2.1679905569210518e-13, 4.07975935841872e-11, -1.4751224396638407e-10, -4.051059184947286e-16, 4.786389391381193e-16, 1.5879756207308698e-05, -1.3599133428967517e-06, -9.491343673717564e-09, 5.974127504465659e-10], [-3.412270063043452e-10, -1.3576053359564521e-12, -2.1578228532031143e-13, 4.06199649090949e-11, -1.4684383961670658e-10, -4.0271815747480566e-16, 5.327620786143374e-16, 1.5006250483894863e-05, -1.30311658959489e-06, -9.128669298631387e-09, 5.666466802220928e-10], [-3.4291859832280395e-10, -1.3599831598497125e-12, -2.166165053890504e-13, 4.051325665047922e-11, -1.4774972916539228e-10, -4.0372747743119345e-16, 5.300727158894754e-16, 1.5043660186320745e-05, -1.3056921676554497e-06, -9.090863834595232e-09, 5.635007346559197e-10], [-3.2646720390814493e-10, -1.3488006314252626e-12, -2.1530736186069123e-13, 4.039536888036896e-11, -1.4805985556746524e-10, -4.1296194669792355e-17, 4.746008931811961e-16, 1.5810533549551236e-05, -1.3588489528403866e-06, -9.468536169324536e-09, 5.91737418890437e-10], [-3.278913417164388e-10, -1.3491334388125721e-12, -2.143392116801836e-13, 3.9688778644844065e-11, -1.4985889712984207e-10, -5.2206781973396243e-17, 4.779398942703116e-16, 1.5747531358365863e-05, -1.3820183919540032e-06, -9.729815615378205e-09, 6.108067446115429e-10]]
===========================================================>