best vector
[-3.9529296214350175e-10, -1.4148840859108847e-12, -2.2472261396433614e-13, 4.2876938958029136e-11, -1.5617050257381473e-10, -7.112726828302753e-16, 5.744542246797935e-16, 1.6253943886644902e-05, -1.4047688741068048e-06, -9.793029387578947e-09, 6.200694025323012e-10]
===========================================================>


generation 1

[[-4.548376899780377e-10, -1.4515260867545486e-12, -2.392481992332318e-13, 4.983732881111188e-11, -1.566221547378876e-10, -7.989540311428065e-16, 5.862910273508873e-16, 1.6634407216760075e-05, -1.437467700747607e-06, -1.0053312685134608e-08, 6.38107605184636e-10], [-4.548376899780377e-10, -1.4515260867545486e-12, -2.392481992332318e-13, 4.983732881111188e-11, -1.566221547378876e-10, -7.989540311428065e-16, 5.862910273508873e-16, 1.6634407216760075e-05, -1.437467700747607e-06, -1.0053312685134608e-08, 6.38107605184636e-10], [-2.560504924890891e-10, -1.3234328108785097e-12, -2.1056300313265458e-13, 4.3459244914949414e-11, -1.5490696159616854e-10, -1.6742629905701338e-15, 8.453900448392653e-16, 2.0107634173435403e-05, -1.9798398057192842e-06, -1.593994791159397e-08, 9.293877420910945e-10], [-3.824473258356696e-10, -1.423904665030568e-12, -2.2548579823018183e-13, 4.150385006813919e-11, -1.5804342636839445e-10, -1.7427479870811793e-15, 7.579353598155189e-16, 2.087846210788661e-05, -2.028349005299229e-06, -1.557867078611694e-08, 9.4296350116489e-10], [-5.411890158292297e-10, -1.4113907504276767e-12, -2.0397612007100038e-13, 4.5270618992745036e-11, -1.6791473355493226e-10, -1.810188567999548e-15, 8.011157574947038e-16, 2.061584481364928e-05, -1.995404020006617e-06, -1.4146527648262982e-08, 9.85025339809776e-10], [9.34079436112194e-11, -1.5675107224619307e-12, -2.608049641268132e-13, 5.399919317004255e-11, -1.6523783887169133e-10, -7.568434018329049e-16, 5.312503692619588e-16, 1.6559256722156905e-05, -1.4245484178243986e-06, -1.0150809638920009e-08, 6.371654965924299e-10], [-3.824473258356696e-10, -1.423904665030568e-12, -2.2548579823018183e-13, 4.150385006813919e-11, -1.5804342636839445e-10, -1.7427479870811793e-15, 7.579353598155189e-16, 2.087846210788661e-05, -2.028349005299229e-06, -1.557867078611694e-08, 9.4296350116489e-10], [-4.548376899780377e-10, -1.4515260867545486e-12, -2.392481992332318e-13, 4.983732881111188e-11, -1.566221547378876e-10, -7.989540311428065e-16, 5.862910273508873e-16, 1.6634407216760075e-05, -1.437467700747607e-06, -1.0053312685134608e-08, 6.38107605184636e-10]]

[[-4.548376899780377e-10, -1.4515260867545484e-12, -2.392481992332318e-13, 4.9837328811111874e-11, -1.5662215473788756e-10, -7.989540311428065e-16, 5.862910273508872e-16, 1.6634407216760072e-05, -1.4374677007476069e-06, -1.0053312685134608e-08, 6.38107605184636e-10], [-4.548376899780377e-10, -1.4515260867545484e-12, -2.392481992332318e-13, 4.9837328811111874e-11, -1.5662215473788756e-10, -7.989540311428065e-16, 5.862910273508872e-16, 1.6634407216760072e-05, -1.4374677007476069e-06, -1.0053312685134608e-08, 6.38107605184636e-10], [-3.778335860270919e-10, -1.4202372393453697e-12, -2.2494108605683233e-13, 4.157522593102555e-11, -1.5792893906681673e-10, -1.7402481463310008e-15, 8.421977721291231e-16, 2.013577095054112e-05, -1.9816104895193325e-06, -1.592676056653469e-08, 9.298832847278209e-10], [-2.606642322976668e-10, -1.3271002365637079e-12, -2.1110771530600408e-13, 4.3387869052063054e-11, -1.5502144889774626e-10, -1.6767628313203123e-15, 7.61127632525661e-16, 2.0850325330780892e-05, -2.026578321499181e-06, -1.559185813117622e-08, 9.424679585281636e-10], [2.4045258298987728e-11, -1.5504465050400338e-12, -2.545934606390295e-13, 5.304514298925032e-11, -1.6762214374534452e-10, -1.6950558870134936e-15, 7.716189442462507e-16, 2.017245182374332e-05, -1.9330083893565693e-06, -1.3709787877050003e-08, 9.470035805200337e-10], [-4.71826330516998e-10, -1.4284549678495734e-12, -2.10187623558784e-13, 4.622466917353726e-11, -1.6553042868127904e-10, -8.719760828189591e-16, 5.60747182510412e-16, 1.7002649712062865e-05, -1.4869440484744465e-06, -1.0587549410132986e-08, 6.751872558821721e-10], [-4.629844258042109e-10, -1.4546345726503515e-12, -2.4079700544016295e-13, 5.07751697881031e-11, -1.5646220631590973e-10, -1.8489615712295818e-15, 7.77252033370291e-16, 2.1356083604054086e-05, -2.0948461689733836e-06, -1.6200488804675076e-08, 9.772716646756866e-10], [-3.743005900094963e-10, -1.420796179134765e-12, -2.239369920232506e-13, 4.056600909114797e-11, -1.5820337479037232e-10, -6.927404469944039e-16, 5.669743537961152e-16, 1.61567857205926e-05, -1.3709705370734528e-06, -9.431494666576471e-09, 6.037994416738393e-10]]

[[-4.5332473757671583e-10, -1.4407480508963427e-12, -2.369580530534171e-13, 4.9446030619894357e-11, -1.5574774039515552e-10, -7.953066035765503e-16, 5.860928950133702e-16, 1.64820632084985e-05, -1.4316075414492643e-06, -9.99415858731858e-09, 6.351601814316421e-10], [-4.5301817956613965e-10, -1.4407359499384997e-12, -2.3680824920426874e-13, 4.945209604772534e-11, -1.552604160771737e-10, -7.93695406792146e-16, 5.840898859103756e-16, 1.6586640218506735e-05, -1.4252742550392573e-06, -9.975214411086598e-09, 6.334726057097374e-10], [-3.776371254569575e-10, -1.4196740575414146e-12, -2.2452139402646736e-13, 4.137359831452388e-11, -1.5676147291509467e-10, -1.7259178496156132e-15, 8.366535123436198e-16, 2.0109118967757798e-05, -1.9742584318596935e-06, -1.5815648382864177e-08, 9.288445722165532e-10], [-2.6054932751596355e-10, -1.3141814738073778e-12, -2.0955091108671446e-13, 4.337343988252363e-11, -1.5359820727957588e-10, -1.665533741709598e-15, 7.586564692677981e-16, 2.06742277964671e-05, -2.021375190285691e-06, -1.5510372158283486e-08, 9.341948752704272e-10], [2.4029418475938124e-11, -1.5382038760577145e-12, -2.542333545064422e-13, 5.28903454003385e-11, -1.658998817261709e-10, -1.6830559733675507e-15, 7.686418214406974e-16, 2.0137419260231496e-05, -1.914812610679572e-06, -1.3644942280998605e-08, 9.386500873729261e-10], [-4.700421984640581e-10, -1.4144089630485632e-12, -2.087788864058959e-13, 4.594750681900438e-11, -1.6491133156762946e-10, -8.71058252570317e-16, 5.57310430576761e-16, 1.6972072407215402e-05, -1.4716044639051494e-06, -1.0585654967245936e-08, 6.740488742058249e-10], [-4.5979511651623376e-10, -1.443202588608858e-12, -2.3825858691271644e-13, 5.038980560381203e-11, -1.5522137474651064e-10, -1.8345241384662565e-15, 7.741424932044068e-16, 2.132887956296025e-05, -2.0893384590849764e-06, -1.615775799718818e-08, 9.711029556145498e-10], [-3.74160110459815e-10, -1.408943974040146e-12, -2.2233703521781217e-13, 4.053271967323172e-11, -1.5804431345742468e-10, -6.866840255420761e-16, 5.658925712000932e-16, 1.6076084541477846e-05, -1.364026186250239e-06, -9.355717613284002e-09, 5.984328577078999e-10]]
===========================================================>

generation 2

[[-3.74160110459815e-10, -1.408943974040146e-12, -2.2233703521781217e-13, 4.053271967323172e-11, -1.5804431345742468e-10, -6.866840255420761e-16, 5.658925712000932e-16, 1.6076084541477846e-05, -1.364026186250239e-06, -9.355717613284002e-09, 5.984328577078999e-10], [-4.5301817956613965e-10, -1.4407359499384997e-12, -2.3680824920426874e-13, 4.945209604772534e-11, -1.552604160771737e-10, -7.93695406792146e-16, 5.840898859103756e-16, 1.6586640218506735e-05, -1.4252742550392573e-06, -9.975214411086598e-09, 6.334726057097374e-10], [-4.700421984640581e-10, -1.4144089630485632e-12, -2.087788864058959e-13, 4.594750681900438e-11, -1.6491133156762946e-10, -8.71058252570317e-16, 5.57310430576761e-16, 1.6972072407215402e-05, -1.4716044639051494e-06, -1.0585654967245936e-08, 6.740488742058249e-10], [-4.700421984640581e-10, -1.4144089630485632e-12, -2.087788864058959e-13, 4.594750681900438e-11, -1.6491133156762946e-10, -8.71058252570317e-16, 5.57310430576761e-16, 1.6972072407215402e-05, -1.4716044639051494e-06, -1.0585654967245936e-08, 6.740488742058249e-10], [2.4029418475938124e-11, -1.5382038760577145e-12, -2.542333545064422e-13, 5.28903454003385e-11, -1.658998817261709e-10, -1.6830559733675507e-15, 7.686418214406974e-16, 2.0137419260231496e-05, -1.914812610679572e-06, -1.3644942280998605e-08, 9.386500873729261e-10], [-4.700421984640581e-10, -1.4144089630485632e-12, -2.087788864058959e-13, 4.594750681900438e-11, -1.6491133156762946e-10, -8.71058252570317e-16, 5.57310430576761e-16, 1.6972072407215402e-05, -1.4716044639051494e-06, -1.0585654967245936e-08, 6.740488742058249e-10], [-2.6054932751596355e-10, -1.3141814738073778e-12, -2.0955091108671446e-13, 4.337343988252363e-11, -1.5359820727957588e-10, -1.665533741709598e-15, 7.586564692677981e-16, 2.06742277964671e-05, -2.021375190285691e-06, -1.5510372158283486e-08, 9.341948752704272e-10], [-4.700421984640581e-10, -1.4144089630485632e-12, -2.087788864058959e-13, 4.594750681900438e-11, -1.6491133156762946e-10, -8.71058252570317e-16, 5.57310430576761e-16, 1.6972072407215402e-05, -1.4716044639051494e-06, -1.0585654967245936e-08, 6.740488742058249e-10]]

[[-4.31220584861078e-10, -1.4319481541763306e-12, -2.3280818096849066e-13, 4.6986641929504726e-11, -1.5602992853776127e-10, -7.641157994830599e-16, 5.709225915299136e-16, 1.6217210057843696e-05, -1.3809561034427421e-06, -9.526956146925722e-09, 6.08118388106593e-10], [-3.959577051648767e-10, -1.4177317698023152e-12, -2.2633710345359022e-13, 4.2998173791452335e-11, -1.5727480099683708e-10, -7.162636328511623e-16, 5.790598655805552e-16, 1.6445514702140882e-05, -1.4083443378467542e-06, -9.803975877444878e-09, 6.237870753110443e-10], [-4.700421984640581e-10, -1.4144089630485632e-12, -2.0877888640589593e-13, 4.5947506819004386e-11, -1.6491133156762946e-10, -8.710582525703171e-16, 5.57310430576761e-16, 1.6972072407215402e-05, -1.4716044639051494e-06, -1.0585654967245936e-08, 6.740488742058249e-10], [-4.700421984640581e-10, -1.4144089630485632e-12, -2.0877888640589593e-13, 4.5947506819004386e-11, -1.6491133156762946e-10, -8.710582525703171e-16, 5.57310430576761e-16, 1.6972072407215402e-05, -1.4716044639051494e-06, -1.0585654967245936e-08, 6.740488742058249e-10], [-4.6085120268003405e-10, -1.4167118650662862e-12, -2.0962445577347994e-13, 4.60766613746241e-11, -1.6588149216476335e-10, -1.667950738878052e-15, 7.647105170389344e-16, 2.0078535712617025e-05, -1.9065678055363867e-06, -1.3588031712087632e-08, 9.337278280257315e-10], [1.4838422691914078e-11, -1.5359009740399916e-12, -2.5338778513885816e-13, 5.276119084471878e-11, -1.64929721129037e-10, -8.861634870598159e-16, 5.61241734978524e-16, 1.7030955954829874e-05, -1.4798492690483348e-06, -1.0642565536156909e-08, 6.789711335530195e-10], [-4.661808294810318e-10, -1.4125615716960507e-12, -2.0879311635149335e-13, 4.5900061661640415e-11, -1.6470280825593245e-10, -8.857020110793939e-16, 5.610216372881789e-16, 1.7040310471478424e-05, -2.0112418257419986e-06, -1.5419599855982277e-08, 9.293998686669897e-10], [-2.6441069649898994e-10, -1.3160288651598903e-12, -2.09536681141117e-13, 4.3420885039887597e-11, -1.5380673059127289e-10, -1.650889983200521e-15, 7.549452625563801e-16, 2.0605989732204078e-05, -1.4817378284488414e-06, -1.0676427269547149e-08, 6.788438808092625e-10]]

[[-4.310574449385296e-10, -1.4294733083854312e-12, -2.317698041421399e-13, 4.660208552812552e-11, -1.5584079561668716e-10, -7.574767607337865e-16, 5.68988794819949e-16, 1.6070833925066338e-05, -1.3800163670261954e-06, -9.523017238710538e-09, 6.060870532896816e-10], [-3.9529296214350175e-10, -1.4148840859108847e-12, -2.2472261396433614e-13, 4.2876938958029136e-11, -1.5617050257381473e-10, -7.112726828302753e-16, 5.744542246797935e-16, 1.6253943886644902e-05, -1.4047688741068048e-06, -9.793029387578947e-09, 6.200694025323012e-10], [-4.681541088506984e-10, -1.4028989706668178e-12, -2.0761172634811088e-13, 4.542540198311441e-11, -1.6379308372033373e-10, -8.64346489127367e-16, 5.559859653755516e-16, 1.6868266885961958e-05, -1.4660990704835392e-06, -1.0536436686922593e-08, 6.700128782621613e-10], [-4.695510727171425e-10, -1.4067350296011387e-12, -2.079306334607319e-13, 4.572227264586814e-11, -1.6481043605799479e-10, -8.658948320930479e-16, 5.53949942086162e-16, 1.693280531834541e-05, -1.4701245267626976e-06, -1.0522784135210872e-08, 6.694781060499213e-10], [-4.6015855394776987e-10, -1.4094889703750505e-12, -2.083466644687485e-13, 4.562323564774373e-11, -1.6467846551930904e-10, -1.6499595433577002e-15, 7.574170145396466e-16, 1.994479625025873e-05, -1.8921541899830684e-06, -1.3475332070345085e-08, 9.330534620049509e-10], [1.4785248010662072e-11, -1.5290707085428759e-12, -2.5283892560898527e-13, 5.229603742455505e-11, -1.6409747383068526e-10, -8.835564740958057e-16, 5.588081782188191e-16, 1.6991773359332e-05, -1.4764662855723863e-06, -1.0571270280905375e-08, 6.786729513548645e-10], [-4.6400397154733414e-10, -1.403908556487656e-12, -2.0655184371484815e-13, 4.569923527311742e-11, -1.6375233656883935e-10, -8.823497359027123e-16, 5.601847321518992e-16, 1.703476915088662e-05, -1.996150334849876e-06, -1.5377853534218124e-08, 9.20573526402181e-10], [-2.623827228737822e-10, -1.3087502528115316e-12, -2.0797129547331583e-13, 4.313263410017164e-11, -1.5300951882052697e-10, -1.6468234344683042e-15, 7.534357709384214e-16, 2.0417484641376433e-05, -1.4737577381489128e-06, -1.0629864017496635e-08, 6.751684341812962e-10]]
===========================================================>

generation 3

[[-4.310574449385296e-10, -1.4294733083854312e-12, -2.317698041421399e-13, 4.660208552812552e-11, -1.5584079561668716e-10, -7.574767607337865e-16, 5.68988794819949e-16, 1.6070833925066338e-05, -1.3800163670261954e-06, -9.523017238710538e-09, 6.060870532896816e-10], [1.4785248010662072e-11, -1.5290707085428759e-12, -2.5283892560898527e-13, 5.229603742455505e-11, -1.6409747383068526e-10, -8.835564740958057e-16, 5.588081782188191e-16, 1.6991773359332e-05, -1.4764662855723863e-06, -1.0571270280905375e-08, 6.786729513548645e-10], [1.4785248010662072e-11, -1.5290707085428759e-12, -2.5283892560898527e-13, 5.229603742455505e-11, -1.6409747383068526e-10, -8.835564740958057e-16, 5.588081782188191e-16, 1.6991773359332e-05, -1.4764662855723863e-06, -1.0571270280905375e-08, 6.786729513548645e-10], [-4.695510727171425e-10, -1.4067350296011387e-12, -2.079306334607319e-13, 4.572227264586814e-11, -1.6481043605799479e-10, -8.658948320930479e-16, 5.53949942086162e-16, 1.693280531834541e-05, -1.4701245267626976e-06, -1.0522784135210872e-08, 6.694781060499213e-10], [-4.6015855394776987e-10, -1.4094889703750505e-12, -2.083466644687485e-13, 4.562323564774373e-11, -1.6467846551930904e-10, -1.6499595433577002e-15, 7.574170145396466e-16, 1.994479625025873e-05, -1.8921541899830684e-06, -1.3475332070345085e-08, 9.330534620049509e-10], [-4.681541088506984e-10, -1.4028989706668178e-12, -2.0761172634811088e-13, 4.542540198311441e-11, -1.6379308372033373e-10, -8.64346489127367e-16, 5.559859653755516e-16, 1.6868266885961958e-05, -1.4660990704835392e-06, -1.0536436686922593e-08, 6.700128782621613e-10], [-3.9529296214350175e-10, -1.4148840859108847e-12, -2.2472261396433614e-13, 4.2876938958029136e-11, -1.5617050257381473e-10, -7.112726828302753e-16, 5.744542246797935e-16, 1.6253943886644902e-05, -1.4047688741068048e-06, -9.793029387578947e-09, 6.200694025323012e-10], [-4.695510727171425e-10, -1.4067350296011387e-12, -2.079306334607319e-13, 4.572227264586814e-11, -1.6481043605799479e-10, -8.658948320930479e-16, 5.53949942086162e-16, 1.693280531834541e-05, -1.4701245267626976e-06, -1.0522784135210872e-08, 6.694781060499213e-10]]

[[-1.8861494772973024e-12, -1.5253464625856111e-12, -2.5205108787103245e-13, 5.208312345995742e-11, -1.6378873183129261e-10, -8.788419749016567e-16, 5.591888620535305e-16, 1.6957336667615875e-05, -1.3836229191917776e-06, -9.562214568644988e-09, 6.088012580480023e-10], [-4.143860474505703e-10, -1.4331975543426962e-12, -2.325576418800927e-13, 4.6814999492723155e-11, -1.561495376160798e-10, -7.621912599279356e-16, 5.686081109852376e-16, 1.6105270616782468e-05, -1.4728597334068041e-06, -1.0532072950970927e-08, 6.759587465965439e-10], [-5.133199103231833e-10, -1.395679714862447e-12, -2.0387233004204984e-13, 4.512821015097554e-11, -1.6487486551870393e-10, -8.851525335024449e-16, 5.59247210641625e-16, 1.699710222379959e-05, -1.4770393819923713e-06, -1.0575651910253047e-08, 6.795038774567103e-10], [5.855408561670288e-11, -1.5401260232815672e-12, -2.568972290276673e-13, 5.289009991944764e-11, -1.640330443699761e-10, -8.642987726864085e-16, 5.535109096633559e-16, 1.692747645387782e-05, -1.4695514303427122e-06, -1.0518402505863196e-08, 6.686471799480754e-10], [-4.681296626010649e-10, -1.4029191194594794e-12, -2.076139734067554e-13, 4.542600685559795e-11, -1.6379579075752397e-10, -8.667484853705596e-16, 5.566018367905556e-16, 1.9935389823092935e-05, -1.890851534953445e-06, -1.346634645633052e-08, 9.322492206668581e-10], [-4.6018300019740343e-10, -1.409468821582389e-12, -2.0834441741010398e-13, 4.5622630775260185e-11, -1.646757584821188e-10, -1.6475575471145077e-15, 7.568011431246426e-16, 1.687767331312775e-05, -1.4674017255131626e-06, -1.0545422300937158e-08, 6.708171196002542e-10], [-4.517246046519892e-10, -1.408691299306153e-12, -2.1196173123423806e-13, 4.503921931029119e-11, -1.627363259419281e-10, -8.287761014290791e-16, 5.588722184009056e-16, 1.6769837239311505e-05, -1.420458210206895e-06, -9.9682149612969e-09, 6.319304998399685e-10], [-4.1311943020865503e-10, -1.4129278162058704e-12, -2.2069151619082997e-13, 4.3559992293606076e-11, -1.5824461268988136e-10, -7.483914134942442e-16, 5.695319483650497e-16, 1.6416911965678802e-05, -1.4544351906626072e-06, -1.0347598561492917e-08, 6.576170087422539e-10]]

[[-1.885590988226807e-12, -1.5226878933779354e-12, -2.5090959494431063e-13, 5.190414111372754e-11, -1.6239701091170453e-10, -8.772294588404126e-16, 5.529767964473524e-16, 1.6851994872994708e-05, -1.3744273636299435e-06, -9.537279706278156e-09, 6.078350740914022e-10], [-4.1266093679684327e-10, -1.4219253427652852e-12, -2.309919299418985e-13, 4.6744185728544485e-11, -1.5426663145930961e-10, -7.578251744922147e-16, 5.685975897728709e-16, 1.6074809291144975e-05, -1.461281306657897e-06, -1.0464583992537641e-08, 6.755023896077654e-10], [-5.120740743739597e-10, -1.3911875933262946e-12, -2.0253723549053228e-13, 4.5076630299957275e-11, -1.64416893626809e-10, -8.823512484461746e-16, 5.535977327999454e-16, 1.6890391808501895e-05, -1.4678694013431873e-06, -1.049712534461979e-08, 6.766154409655165e-10], [5.840537482668305e-11, -1.5391450222945102e-12, -2.539168886004502e-13, 5.282548675382604e-11, -1.6340257309655843e-10, -8.581047112464727e-16, 5.527312728533347e-16, 1.6844413516573597e-05, -1.458359218305593e-06, -1.0460571004510769e-08, 6.680487557688607e-10], [-4.6501804880772493e-10, -1.4015670170830668e-12, -2.0715098004202398e-13, 4.5422808378224524e-11, -1.6351332828024204e-10, -8.632299194323558e-16, 5.534611218949994e-16, 1.9745762694450708e-05, -1.882228942820861e-06, -1.3351770324963178e-08, 9.242532709153445e-10], [-4.555353591551333e-10, -1.4049186131308375e-12, -2.0629652402738716e-13, 4.546732139912636e-11, -1.6401485948092847e-10, -1.6435082013541463e-15, 7.530485731883796e-16, 1.6777877199777475e-05, -1.460805910329603e-06, -1.0496881198428302e-08, 6.702274331465624e-10], [-4.48767767614381e-10, -1.4052374743407317e-12, -2.11671445966255e-13, 4.465398945859473e-11, -1.6197500246562042e-10, -8.235668767346919e-16, 5.544305331893236e-16, 1.6732139490836286e-05, -1.4167738364709299e-06, -9.952509740589176e-09, 6.248005432405176e-10], [-4.126572417333576e-10, -1.4017449417734484e-12, -2.1877355419171763e-13, 4.30920179052811e-11, -1.5667475881050225e-10, -7.421824269814238e-16, 5.658741521844364e-16, 1.6401226024298366e-05, -1.4470751983037214e-06, -1.0301182956944681e-08, 6.57126918266685e-10]]
===========================================================>

